17289
21302
17284
4971
17283
22632
21304
23965
35955
29265
2305
10659
2303
11989
2301
3631
4964
29262
11983
3636
2308
3651
4982
23974
22643
22644
22645
0
11999
29276
2315
29275
29274
2311
30253
10660
4972
4973
3642
10664
30259
11994
10666
34615
4978
34614
23945
4990
17262
18595
3662
18596
30244
35931
30246
31576
2325
29247
3653
4984
4985
31579
34604
3659
22625
38198
17273
38193
30233
10648
2337
31566
29252
10649
2333
30230
35929
4996
35928
3666
4998
11973
10642
10644
30239
35923
31569
18576
3681
10609
29227
20899
38181
26194
1018
11943
2348
26197
6709
2346
11947
2343
30229
3675
18579
30225
11942
18586
3692
3693
38179
2363
2362
17250
30211
29232
11959
2357
29235
29234
6711
30218
3686
6714
23900
14196
39493
17223
38166
23904
18550
17220
18552
2375
39492
38161
29209
26175
29203
32867
19888
23911
40471
39485
18560
23917
17232
11929
2383
39480
10601
26183
31522
26185
29214
2377
11938
29212
5401
38159
23909
6732
32859
25749
25748
21387
13760
33372
1065
19065
12438
33378
33375
12430
21381
5415
6745
36402
13770
25752
32030
25755
19071
16808
32036
37729
16805
34698
13774
5426
6759
25727
19049
25726
4110
4113
25722
37717
32028
37718
13748
33352
32022
37711
4108
21379
6781
9810
5453
20044
25732
24402
1092
32016
34679
12429
34678
37708
37709
1089
32011
6777
13752
9804
13753
4116
13757
37702
6790
5461
9821
5463
20010
6797
4135
10690
35991
22672
19020
22675
34667
33337
13729
33331
10692
13720
9819
19038
19037
20025
5473
19034
9830
4145
8500
19030
22683
22685
22689
12408
33324
30295
34653
35984
12409
5467
9825
13730
12403
35989
12402
5481
19005
5483
19007
4157
19002
23980
23982
30281
5480
34646
30287
210
13703
211
13709
30284
30283
215
8506
4149
29283
23999
5492
5494
4164
21332
5498
9853
19010
20006
33303
220
33304
34634
222
30279
35963
23990
9848
9846
8515
33307
35969
13713
10688
29292
34636
9861
9866
15420
11065
8533
27403
28733
28738
27407
232
11066
15427
8529
15426
4183
37680
9870
16763
7213
37685
28743
28749
244
28742
35026
36356
37687
37688
1905
9868
8537
1903
14109
9884
9881
7221
8556
36341
7226
8555
24357
24359
4192
254
15409
35017
25682
25681
23021
15403
12378
1916
15400
15406
15405
12381
8564
11052
8568
8565
28724
23035
24368
23038
23039
24369
35006
35004
25695
35003
7227
15413
9889
15412
1926
8559
37668
36338
15415
7242
36320
37652
11020
25664
24332
33293
25665
33291
24337
23006
25667
33299
26992
26993
25662
11023
12354
11024
28708
7257
7259
13691
8588
23014
24346
28700
25676
24347
8582
284
23019
285
24349
1943
288
24340
33289
24341
16722
11035
1946
16725
11039
8594
21289
7267
37630
21285
33274
26977
11009
26971
37633
37634
13669
38968
7275
12341
7278
38950
24326
24328
34595
16701
12344
13676
11013
12348
37626
1966
18532
18533
7289
39475
1976
11906
11905
32848
19867
32846
1978
20863
39461
14185
7296
18544
39463
20860
19875
14189
18540
20866
14181
1986
11913
31500
11912
19878
17216
26160
19879
14150
9002
9007
40442
15486
38123
20835
28792
28791
27466
14159
19848
39459
32821
38111
9018
39442
15495
26149
9011
39447
38116
19855
18525
9025
16792
9029
38101
38102
16793
14132
23089
26115
27448
20815
40428
35071
40419
28774
23088
26112
15466
3712
32802
9036
36392
9035
14144
14145
9030
3726
27451
23094
23096
27455
23098
39427
18504
36381
36382
36385
16773
16772
35052
9044
35051
9042
3737
23061
19809
24396
15446
39416
16775
16779
36370
11093
11096
14123
14121
26104
35043
26105
20800
26107
27438
28769
27439
9053
28764
35046
23077
39402
19818
14124
3744
39407
19104
16077
9067
16078
16072
16070
34745
30386
28059
2421
3752
34749
28052
34748
34747
16088
20103
21434
22769
2440
30370
22763
9076
16082
22766
9075
33402
28064
13817
2431
10780
10782
10785
29392
29391
17388
22736
16052
16056
17381
9088
22733
9086
34723
28033
28034
2447
10758
34720
30360
1113
2442
3775
31699
21412
22747
21410
16069
16062
10767
2459
28043
10768
2454
1122
6815
16031
17368
17360
31674
31675
10735
10738
1135
28016
29346
34707
34704
10732
10731
16045
1154
2484
22720
38293
28021
28026
29357
1146
20991
6850
18671
20990
38288
38289
6852
1161
20999
38280
38281
5519
26294
26293
10714
31653
32981
2487
6842
31659
18678
32988
6846
32986
10710
32987
26291
6848
38272
18686
40592
22705
5530
6863
22707
29338
40599
28007
2498
6856
20179
19187
1187
33494
33491
1185
25864
33490
1182
25867
23206
32167
32164
1177
5533
37851
13889
4207
37856
12555
24549
19199
20188
5552
32152
23211
24544
24546
28903
23217
19192
32159
16926
37840
9902
12565
6878
6877
36514
11238
6892
21487
6891
21486
5563
6896
19168
19167
32141
19161
32146
32142
13862
20151
13863
4226
6889
6888
11203
12536
37834
37835
36504
37836
24527
20168
32130
24522
19175
25855
24523
19171
19170
37827
33465
9924
6898
4236
21490
16902
21468
4250
20136
4252
9942
20130
4256
21461
22795
25822
22797
22799
25823
20138
28099
37817
33453
32120
12519
21460
317
37811
8609
37813
33459
25837
21477
20146
5594
8622
20143
8623
21473
5598
34770
24500
25832
25835
5590
12526
322
37808
8615
12520
20140
4257
13852
21470
9949
9960
19125
16096
20111
8633
7301
8634
7300
25801
28077
28078
28075
32102
13824
9957
10793
8625
9959
28072
9971
4284
21453
8645
21451
19135
22781
19131
340
30397
342
33422
34753
28087
345
30393
30395
12509
349
28080
9968
4279
8637
11182
36482
36484
15541
40502
24498
35154
27523
23169
27528
35151
4292
24493
27521
23165
35156
19909
36487
8646
39517
11190
9991
14221
9997
7333
16
14222
35143
27534
27538
23172
35148
27531
368
23175
26201
35145
39502
14228
7341
23
11160
37791
6014
36462
28
8675
28833
35130
23148
8670
374
24472
36465
6007
16854
37798
36468
12497
37799
7354
37783
23159
32092
383
384
385
388
24480
7349
15532
41
37770
49
8698
37773
35111
25784
25787
24455
8691
24457
35116
23120
32087
23121
16833
15502
11143
7359
50
20093
36447
52
12478
6043
7376
6044
36431
23133
28822
32075
23135
25797
32073
28826
35108
25792
36432
16844
15512
11156
36437
64
15515
35109
6054
6053
7387
6055
20078
20077
16818
32065
32066
25760
12452
13783
72
13789
12459
16814
11128
16813
12457
6065
6066
13790
20086
23111
33384
19095
24445
33382
24449
25779
16827
33388
23110
32055
37741
16820
11137
20080
12467
11138
12468
38261
9100
14292
19980
40585
9104
18650
6070
20978
39590
32960
30301
30300
26277
31638
17329
30307
18656
30303
19995
39582
38251
6086
38253
18666
16004
20980
9117
9118
38255
17330
40573
10701
3804
3805
31620
3806
3808
10704
10706
16007
31623
19998
32954
31624
14271
40568
20957
27589
9120
9121
6093
26252
27587
26255
18638
39578
32949
14278
14279
19973
14287
32928
19971
39565
26267
27596
32938
31603
14250
19942
19941
40542
32918
27569
20935
20930
3836
2500
27565
20927
32926
32927
32924
3831
3834
19945
18615
19950
9155
39540
14260
15590
32908
38211
26247
27579
40539
35184
20943
20941
40536
27572
3849
40529
18628
32911
32912
32910
15560
9168
16890
16895
16893
16892
9161
27547
40521
40519
28873
23185
19929
15568
14237
38205
15565
39539
32900
2528
19923
19930
15573
26225
40512
9172
35164
26226
20922
35160
1206
40509
27553
23195
35169
35168
2531
35167
23198
18607
14245
39526
19938
15576
1208
19225
9188
19220
25906
3881
25908
16199
3882
22871
2548
32204
13923
32202
6909
13927
10891
32209
33536
34868
28170
3878
6903
21555
21554
20220
9194
22885
20227
25911
28187
30496
13934
33521
30494
2552
3884
6912
28184
28182
19205
19200
21524
2568
29483
13908
1233
29487
6920
3896
3897
33519
10872
13900
19214
19211
20206
21535
34833
28165
28166
28163
5609
2577
10881
30478
34835
34834
19219
16153
17488
37099
17483
5620
21509
2594
1263
21508
21507
17481
29469
37091
22832
30463
30465
29468
28135
2585
5610
34825
6947
16164
22846
16162
22847
17493
37089
6962
17490
22840
30454
28147
30451
6953
5622
34818
29471
5626
10861
17466
37075
37077
17461
16134
1283
22810
10832
1279
1278
25089
4301
5633
31777
17477
22824
16146
5651
17472
16145
5653
10843
25099
28126
28124
6976
4315
5648
5649
5664
6994
32281
23323
32280
25986
23326
35317
10018
32287
32285
25981
35311
36641
4324
10013
5656
6988
10014
6989
15701
11347
12681
25995
23335
23336
23337
22006
24668
3009
25990
15714
37968
19283
33592
3024
25962
24634
25965
23302
25964
33599
3018
33595
12652
13984
36620
12650
37952
419
36623
12657
12654
23319
20286
19299
24645
36616
12669
10009
422
423
33583
12663
12664
4358
10003
11336
25946
4372
21586
20255
21585
8732
7400
20254
3045
19260
3042
3041
24614
32247
13969
430
11308
12637
36608
32246
32243
33573
8725
439
11302
32249
24627
4382
4385
20264
7413
8741
20262
3056
25952
24621
32236
440
34898
32235
12648
32232
445
3048
4378
7403
37923
11315
8738
8755
7423
4399
22897
4390
34887
28196
34885
37919
33553
13949
458
4389
13940
12612
13944
28192
8762
19257
25937
24609
7432
19256
6103
25930
3075
32214
13959
466
468
3069
7425
7428
7427
32217
13953
33548
3081
8770
8771
7444
3088
28978
471
40624
27640
13008
13009
39637
38309
39639
36594
6123
14341
27656
27657
26323
40610
28986
480
26327
28989
28984
489
26322
27650
35266
6117
36598
36599
14345
15675
18707
14348
39628
6130
7466
6134
11282
36584
24596
28955
24599
35250
28959
40603
28957
497
24594
36586
15645
15644
11288
6129
39615
16978
15646
11290
7472
7475
7477
36572
27634
35243
28964
27638
7471
7470
15656
36575
16986
16985
14323
16984
39605
39604
39606
11261
12594
11263
11262
23244
24579
6151
7481
15629
16959
23242
12595
6166
7497
6165
16961
36550
36551
27612
24587
7491
6160
28947
28945
14308
16969
36558
37889
15637
36559
14304
6176
28917
12572
6178
20197
37871
35210
25884
32182
28915
6170
25887
16938
15606
16937
35214
12574
20190
15603
6185
9215
24564
23232
32171
6182
23237
3903
25893
24562
24561
37864
12585
36535
11257
6197
37051
9228
13087
10808
29428
29427
6195
25064
3917
26396
16118
9218
9219
18777
18778
17447
17449
38371
9233
17456
18781
28107
29437
29436
13091
9231
13090
25075
28103
28101
28102
31747
30416
31745
9245
17420
38361
18753
37031
9244
37033
14397
39695
13064
9248
29405
25047
39690
9240
3939
37037
17429
30408
30407
17425
3934
9256
9257
37021
37024
39686
40676
29415
26384
31720
2611
2610
25054
3940
2618
3944
3945
14372
38342
38343
38344
13043
38345
26356
2624
27685
27684
18737
14379
38346
37015
31715
3950
31714
38347
37017
17404
14382
18741
9279
39661
17412
40652
26368
25039
26361
25032
25035
26365
18749
39666
3963
37009
1307
15680
13022
14354
3981
25007
25009
27660
25000
1312
2640
3972
3974
13028
18713
14361
14364
14362
39643
40633
35285
9290
25017
40636
35281
9295
1325
2652
25013
39645
14369
39644
14367
15697
21666
19345
18016
21664
19347
19341
18013
21668
22996
1336
2665
1332
34980
3996
19353
19350
2679
1348
12727
1347
12724
34972
5701
34979
12723
19324
21643
19321
16293
20314
5710
33639
10994
28271
10996
33635
33636
18003
18001
5730
22985
30598
2699
34950
28289
18009
21622
16277
19300
21629
1380
21623
4409
34942
34941
29582
29589
5732
34948
4406
5750
1392
20306
16281
20304
4419
10986
30576
10989
10988
34938
30578
34936
5747
28261
37196
37197
4430
16256
21606
34920
30565
31895
29560
28236
1398
30560
34929
4423
34926
31898
5757
30566
16262
22945
17594
5774
17595
21617
29579
10967
10966
31884
29571
501
21609
5764
4434
505
4436
10961
507
5768
5769
10963
31889
18098
4453
24773
3121
23443
3120
27803
18092
34107
15827
8808
15826
3117
35433
34101
513
34100
11463
12796
5778
36765
518
5790
5792
11470
4464
32393
22122
32391
23457
36759
3128
520
31065
523
22120
36751
4456
527
8818
23427
23428
20397
8832
24753
11449
35414
10119
3136
15808
32385
3135
5797
4466
8828
11444
12775
15801
10116
23438
12781
8840
18089
22101
31041
24766
15818
543
3148
32373
3147
11451
7507
7509
15812
11458
4491
23406
4492
20376
23409
20375
19386
20373
4497
20372
4498
33692
24730
19383
24735
36727
31035
32366
33696
33693
20371
12751
12750
11423
11425
8849
23416
18069
24747
19397
8864
18066
6202
3178
24742
3175
18064
560
33689
36716
32356
566
33682
20382
10101
20380
7527
8859
21688
20356
20354
20353
8876
20351
19365
7544
33670
18030
20358
31014
31013
7535
6209
11403
18049
21697
6221
20364
8887
8884
20362
6224
24720
18042
34998
583
12749
32336
32333
586
12747
11419
32330
6216
7547
12740
33668
33669
10095
14450
7567
10096
8896
35396
35395
8890
34061
593
40739
598
22075
27761
18814
39755
38428
18813
6243
15793
38410
15792
35386
26444
35384
34053
35382
25110
22086
26443
15797
38415
18821
38419
6252
7583
7582
10071
10070
15762
15761
15760
6257
27744
22055
26412
34043
27742
34041
22059
27749
26418
27740
39733
14434
38403
13107
15769
10081
6267
6266
15771
6268
10085
27755
22067
22068
26425
35361
7590
26426
40705
22063
26420
10088
18805
14449
18800
11384
23365
35350
40702
27724
35359
15749
23360
24694
34024
24693
15747
9311
6284
11391
10062
14420
35341
27735
23370
39700
36674
15754
9309
15753
36676
9307
39701
14422
39703
14428
37991
12690
36661
34000
22011
35330
22013
24678
35339
24671
15721
11366
37997
11368
10036
37999
15724
27719
9332
8001
10040
11371
9335
11372
22026
32291
22028
14409
24680
14401
10045
37986
10047
15735
10049
14404
18894
17565
9349
18891
8015
29547
10933
25187
28213
29545
28214
10935
2709
34906
22909
18899
17568
25180
34900
17574
16245
9357
37167
17573
10939
29558
9352
31861
31860
25198
29555
8019
2716
31866
9366
38482
17542
18875
30519
37155
9368
38488
25168
8031
9360
26491
25162
25165
10914
30527
31858
17549
31857
2727
16219
31856
40790
22901
40795
22904
22905
8048
40793
17550
16221
13190
28208
10920
10925
25178
25177
37147
1408
30512
31842
16229
17559
40780
17521
37132
40783
40782
25146
8051
9383
2744
1411
2742
38467
13167
17526
8068
18862
13170
38453
31817
13174
8060
34099
8061
25159
9394
1426
25152
25156
16205
39787
18865
31820
31822
17537
40762
14475
8072
34086
25127
26458
40763
8075
8076
2768
1436
22094
27782
37114
37116
31816
18839
18832
17502
18833
31811
14480
40750
37100
14486
38433
8082
25135
34075
26469
40752
8085
1446
40749
25132
5809
2774
14489
39765
17517
31804
5802
18846
20452
21783
18134
2792
1461
39070
21788
27088
33777
32444
36808
27089
2784
31111
33771
32440
11509
5811
40061
18139
32449
21797
39067
39068
40055
19470
19471
39061
31102
11515
27094
5825
18113
15086
18114
40045
15089
1483
20436
15080
21766
12814
28396
27064
12818
28398
4500
33759
19448
18125
19458
24805
39047
40034
19453
40038
15094
21777
27076
27078
4511
12822
4517
15064
16394
39034
15069
4530
15061
16390
32409
4523
33739
32405
21754
20423
21753
21752
15073
21751
39025
4541
18100
19431
40018
21756
3208
12803
33722
28386
27052
27053
30690
30692
30699
19437
27051
33723
4538
28380
19439
16374
16372
5881
15044
16370
33711
3218
29682
30686
28351
3216
29681
30681
19409
39018
39017
614
4545
4547
4548
19407
8904
30689
21730
5892
27038
3227
27037
3223
39006
33705
4557
4558
8916
33704
30678
27928
10251
36882
3241
24897
34227
14616
630
14617
3236
8923
11584
15940
639
8927
4580
8941
11593
4586
22243
22244
26601
23576
3250
27933
14629
7609
39908
641
31186
34211
14621
4577
8932
648
14620
36876
10267
22219
8950
4596
31171
18193
31170
18195
31172
27903
23545
22214
24877
15928
10238
654
34201
36861
7613
11562
12893
7617
8947
8948
7631
6302
32492
23552
32490
3274
23554
23555
22225
24888
35525
14605
15937
662
31169
4598
36851
11572
8955
10243
14604
8958
3280
24858
8971
24857
3288
18171
32481
36847
11547
10219
32485
3278
678
6304
11542
8969
12875
22206
8982
18187
23532
3296
11558
36838
36839
31141
31144
12883
7646
7645
8979
10221
12882
11552
11554
6318
10225
15910
11556
18158
8993
19488
8990
8997
19484
7665
18156
690
39093
31135
694
33797
36828
32464
33795
33792
8989
20470
6326
8988
6329
11521
18168
7670
5014
18161
39081
39083
24845
23514
11536
36816
32453
10209
5007
11531
12860
6338
31127
7681
5020
18930
14573
6355
38541
39871
14571
13241
6356
25225
7680
40866
22191
25220
27883
7679
38544
5016
13247
5019
37217
39879
13249
13250
7692
5031
6364
17610
18941
5036
5037
7698
25235
25230
26564
18946
14588
18943
17612
18944
37208
10191
34165
40843
27866
34164
40842
25204
40841
40847
25206
26539
25207
27868
22170
40838
27861
27862
34166
14556
5039
14553
13228
14558
5053
9411
6385
13231
39840
9413
27876
27877
27875
6380
35481
40835
40833
40827
35489
35487
27871
18924
38512
9408
14565
10170
27849
6398
9423
10173
9424
23485
26511
26510
27844
34141
40824
27845
40818
34149
34148
35476
23483
40819
14533
38500
9419
10178
15863
13207
13204
38507
26529
5076
9431
15872
14540
13210
40810
35463
22166
23497
23498
22168
40813
5073
40804
35466
40809
34133
9427
14542
39822
39824
8112
8116
8114
36782
10151
24795
35452
35451
27822
27820
22137
27826
22139
35454
31099
39812
10155
14510
10158
15844
5096
8124
8121
27839
8122
10162
5090
22146
26501
23478
22147
27836
27834
31080
5095
39807
15859
23472
14522
15854
36775
10167
39802
10168
8135
17686
17687
15023
8137
17683
28338
29667
9462
29662
29661
30664
30660
29664
16358
2827
2826
31999
31998
15031
8143
15036
16365
9478
21718
28348
27017
9473
21712
37280
31982
29673
31984
30653
28340
30652
28343
21708
1507
31985
16330
18993
37271
18994
9485
9486
8158
15000
25289
29646
28318
29649
31971
1513
31972
25288
29641
15005
16336
18997
18998
2847
16339
16345
37265
29657
29651
31962
2853
25297
25296
25299
29653
28321
30639
30635
2858
18971
8179
37251
8176
37253
16310
25268
26599
29624
30620
2865
1533
26592
25263
30628
16313
31953
31954
8187
31939
40893
16321
1550
40896
8185
29639
28308
1544
2872
29631
29630
31946
30614
16326
31947
31942
18987
1549
30612
16328
29609
17621
40883
39894
13265
37232
13263
39895
1561
40886
8191
5915
2885
26573
2884
31935
13269
38569
30605
17623
30601
13271
31919
25259
26589
34193
40878
29616
40877
5927
29611
26583
25255
2893
13279
37225
17638
18969
38557
16303
18964
16309
31921
23603
19587
24934
20575
24937
18258
20572
19586
1581
1580
23602
11627
33895
32565
36928
11629
32563
1574
33892
5933
4602
5934
36921
19599
24945
18269
39187
23617
40178
23619
5950
19590
39180
20589
31225
36917
1586
1585
4611
4612
40171
4614
12965
33889
39174
39177
39179
36903
31211
33873
12937
31210
27189
4624
27180
31218
21897
39164
20566
40152
5971
18243
5972
31203
32531
12945
33860
11617
32539
11610
5966
705
4636
32538
4637
31207
33866
40141
18213
21862
40140
15184
18215
40146
5981
39159
5983
12908
12909
20536
33854
28493
3311
712
4643
4644
715
717
32524
18219
20543
5990
40135
5992
4662
18221
15198
2001
20546
39140
12925
12922
720
721
32519
39149
5986
19559
19558
33847
39130
39132
15168
39135
40122
39136
15165
40128
3342
2011
28474
27143
28471
27141
27146
2003
27144
3333
32508
5997
33837
4668
738
28470
15175
20521
39122
19535
20520
2021
3351
2020
20526
21855
40119
20523
30794
28485
2019
27151
742
28486
27156
18209
746
4676
7704
33822
30799
21026
21024
21021
3365
34341
3363
35670
2031
23687
34349
33015
3359
751
34346
33012
23682
10373
4689
26728
21037
2045
26724
2041
22368
35665
33003
765
34331
13411
7723
14742
21030
10387
769
36996
13416
7726
7729
13413
22338
6412
10350
22331
2054
24995
31294
22333
35658
776
6404
11687
10357
21016
7750
21014
6421
11690
7751
10361
11692
11691
2066
31283
26701
22346
21018
31285
786
3388
35640
10362
7744
10365
10367
34318
2070
5102
7764
22311
2073
2072
790
791
34302
795
35632
797
35630
3399
10330
7757
36963
12992
10331
34309
35637
34306
23659
6445
7776
22321
24983
22324
24988
22325
2083
22326
24987
23657
14707
10348
31268
32595
31262
24980
32594
36952
14702
10344
6439
18278
7780
23626
20598
23627
24959
6456
31250
2097
23621
2095
10316
11646
32587
12978
35611
10317
36949
11648
12971
5118
11640
11643
10312
12976
12974
36945
40197
40196
7795
18286
18281
23630
22302
11657
35601
10329
31240
31243
7789
12983
12980
11652
5129
6459
10322
12984
11655
14691
38660
38662
14692
5146
37332
37333
24014
36000
25347
26678
26679
29704
26670
24010
24011
37334
17725
39997
37335
13368
6468
13365
12037
39998
17731
5154
12044
13372
6488
25355
24029
26680
24021
26684
37324
38656
39987
17732
39989
14673
6499
27986
26654
22298
27987
26650
22294
22295
17709
5159
38644
17700
9519
14678
13348
17702
8201
14684
38630
5179
8203
27998
26669
24006
34270
37309
34279
27994
26663
14688
13357
12025
39968
39967
17712
13358
17713
25308
14650
10293
14651
9547
27964
25305
34260
5183
26630
22274
9539
13323
8209
10299
39955
13322
15989
14659
12000
15991
35583
27973
25316
27978
5194
26648
22280
40925
22281
34256
40929
12002
15997
2917
12003
39943
8218
12005
26618
9565
9563
8238
26610
34242
34241
27941
40923
40921
26615
38607
39938
15969
23580
35576
22250
34244
2928
15962
14634
39936
10283
35560
40913
40912
27955
9570
1601
40905
34238
34233
22263
13312
14643
10285
10288
1608
39922
10289
2934
16472
8256
8253
9585
15146
40103
27127
9583
21821
36083
1612
29781
27124
29787
33815
1618
2948
33811
9598
15151
15150
39101
20508
36078
20506
16480
29794
30772
2954
27132
2953
29798
27135
28467
30779
19515
17784
8279
15122
8270
27107
29766
36064
27108
12090
30762
1632
29764
17787
30764
2968
8288
16460
36057
21815
29778
36051
36050
30752
36059
27111
12070
17764
37374
37376
12076
28415
28416
8296
29748
8294
30741
1654
2984
25384
24056
36047
29740
17769
15103
17765
17766
12082
38690
37363
16444
30729
24068
36032
1668
29750
1666
28420
38698
30736
37367
38699
15116
12089
17779
30733
13381
16410
12055
25368
24030
25365
12058
30723
17750
37341
12063
37343
13394
1690
25370
36017
16424
12069
20696
18371
4728
29023
30026
31353
32689
35715
11744
18388
40293
40298
17056
30012
10425
29033
30014
4732
11750
4734
10422
29030
35704
3408
30019
11754
19686
23703
17027
39297
18351
18352
40287
11723
29000
31335
11725
3411
29004
29003
4744
816
17029
818
17036
17038
20683
4760
18363
39288
17032
23719
3430
19692
18361
31322
10403
29010
32650
17039
40270
33989
4756
11730
4758
40261
39275
19663
39279
20658
20657
21986
3436
11706
2102
11708
31315
33978
32648
19668
4768
4769
2109
40251
19675
39262
21995
17014
40250
19678
20662
39264
21991
19674
20666
21997
11713
27297
32630
2116
32631
27298
27299
32638
33969
7801
27292
31303
4779
32634
27290
11711
18312
39254
39256
15289
15288
2130
28594
32622
33950
850
27265
853
7810
4789
33957
27260
32623
40230
18324
15294
19650
19651
40238
15292
20645
40239
27275
860
2139
3469
27273
864
3465
32618
4796
7821
33948
869
7828
18328
21148
25509
26839
21146
3486
26830
3481
3480
14858
34467
33134
873
35797
3477
10495
6501
13522
7834
10499
6506
10498
7836
7838
21157
7851
7850
6522
30092
2165
30094
25516
30090
14869
38819
884
33123
7843
14868
14865
12206
38815
7861
21121
10471
34440
2176
23786
34448
13505
894
34441
6524
14831
10475
29086
7858
14832
38803
26827
26826
26829
23794
22464
30073
2184
2183
13518
14849
13516
35765
29098
34434
30075
35764
5205
33109
6539
22439
6553
11780
17088
22430
30061
17085
2195
23765
22435
17080
14817
34422
14818
30065
5215
10453
11785
11788
35758
10456
26806
10460
31381
23774
22444
26800
35746
34415
31387
29078
31383
6557
7889
34419
35748
18399
6573
17064
9600
18393
34401
30047
30042
31375
5238
11764
11763
35738
5252
5253
17076
9613
5256
5257
6587
17073
22420
32696
35722
30037
32697
32694
11775
35725
14800
38781
13484
5265
9621
13482
38785
36123
25465
36121
24138
24139
29825
5260
6590
16519
29820
26792
36126
13488
38786
37456
9617
9615
38789
13492
30807
5279
8302
36112
33082
24149
29838
5270
36119
25471
24140
29831
12166
9625
38777
13497
9626
37449
9629
9642
13462
9646
12132
36101
33075
24113
26777
24117
29803
33070
36108
36106
36104
17829
30802
8307
38765
12133
38767
17827
13465
8322
5296
13471
37421
25454
26787
25459
29814
16508
26781
34399
8319
17837
12147
8332
9664
21067
8337
14772
25422
25424
33051
25426
22392
17806
21062
8328
14779
13449
12118
17800
17801
7012
8342
13451
8348
33042
26766
25435
25437
34370
24108
26769
12123
1707
21072
13454
13459
13457
37407
8354
26738
8355
21043
33031
34361
9680
33039
1711
13429
33035
22372
21042
14753
1717
38725
7033
8363
7035
26741
22388
25414
38719
1720
13433
13431
13432
38713
14766
12107
21941
7043
8377
19623
8375
39234
7048
33929
7049
40225
7040
8373
8370
20611
33931
28570
27243
33938
32605
32602
18301
36191
8388
20620
15272
18302
7056
7059
15277
15275
21958
21956
8383
20625
36193
33920
39229
1749
19636
28580
1746
16570
19601
40201
15244
16573
40204
21925
27226
36186
21923
1755
30884
27223
29885
24198
33917
19608
30888
21930
7076
15250
16586
39200
15253
20606
20604
29898
20602
21933
21931
7074
30873
1760
39204
1769
17882
12192
37492
29868
36167
27205
24179
7084
7083
28538
36161
36160
29863
1772
29862
28530
30863
15233
15232
15231
21916
7090
7093
7097
30850
28543
29874
30857
16568
4811
4814
12170
24158
28512
25489
28516
36146
12178
15203
4821
4822
17865
17871
12187
37465
28524
29854
29859
29852
36135
37466
901
37469
30831
17877
15217
22515
18494
17163
35834
29143
30146
3510
913
30149
3519
23851
10547
35822
3525
30135
14903
3522
30132
4854
35827
11874
14901
32799
4858
30139
11875
38085
20796
17148
4871
38082
2207
10516
11846
32783
10517
10519
4862
35815
937
11843
35814
939
35813
31459
2208
18487
22505
18489
40399
4883
30112
31443
30114
30113
11859
29137
31441
941
2211
7901
30116
35805
40391
31447
10520
4878
11853
2219
23802
14094
18457
23806
38068
38069
18452
40389
29106
20779
38060
14090
7918
31431
31434
11824
11827
951
954
31435
20785
40371
18461
38058
40374
3573
29118
19790
29111
26087
29110
11835
2237
961
2236
32750
10506
2233
7923
4897
7925
39375
20750
14078
38046
6610
7941
2252
20755
20754
38040
11805
3578
2246
26058
26057
7934
6605
19767
20763
17114
39363
18440
6621
19772
7951
40358
2263
40356
27395
27393
27399
26068
38038
6611
988
31409
19779
31402
31405
26061
27390
6617
21268
26952
33259
992
37619
6623
998
13643
7955
38943
14972
24308
21275
33241
24302
2283
38937
12328
37608
34577
34573
5303
38930
6633
7967
21270
37604
6639
25606
7980
7983
5321
10591
2295
26934
33237
34567
13627
34566
38929
33233
22571
14951
7976
6645
5314
38921
38922
6648
14954
10599
25617
26949
35881
25611
22586
33227
35888
13637
12308
34555
33225
38919
30195
5324
13632
7986
7989
14960
5326
12301
12300
12302
13636
38912
38913
38914
34559
22558
26916
9700
9701
4012
26910
23888
33215
13607
13604
34544
29186
5335
4006
5337
10573
10576
14933
38902
26925
4021
21231
10581
21230
23896
26924
23898
33204
14940
29192
14941
34539
21204
23867
22536
4030
5362
21201
4034
22531
17184
22532
21208
23863
11888
31497
35854
34521
6688
10552
10556
4041
21212
5375
9731
30150
17194
17190
14926
35845
29178
30155
34510
30152
35841
30151
30154
29179
9726
10565
14920
34516
9729
29171
14921
11897
5382
16631
37574
12274
25587
25586
36240
112
24250
114
116
118
16635
15303
37579
9736
17965
5396
15310
12283
9754
24266
25598
29955
36231
5391
4061
25591
24261
125
28621
36234
17978
30931
9763
4074
38880
7103
30915
8434
26896
33192
24237
29924
24231
8428
37555
17947
13586
12258
30921
17943
8442
4085
17950
28609
4087
9772
7114
8447
12261
13593
28603
25577
29931
29938
28606
28607
29937
9770
24242
37545
30914
17958
1805
13597
38879
1803
16625
4095
29908
4099
14893
37530
8456
12230
29901
29900
25545
25544
26875
4090
25548
155
17927
25541
14897
12235
17926
7119
1815
12238
14899
7131
9793
9794
7136
13572
12241
37520
26885
25554
24225
25558
9791
24227
9792
29914
7130
24229
1822
167
168
25550
33166
21195
37522
17935
38855
37524
37525
16604
13578
8476
21169
21167
8477
7148
25523
25525
172
25527
17909
179
34489
34488
22493
38841
38842
12210
14879
17900
7156
21177
8488
21175
26864
33140
8480
1844
38838
1841
1840
34476
25530
17912
13555
38831
13552
17914
13553
12223
37504
38835
38836
12227
15384
39350
14050
7169
38024
14057
32719
14055
28699
20736
193
197
20732
28693
28694
1853
27366
38027
18418
14058
28690
19745
14064
39344
38013
38014
40331
39345
7172
40339
40338
27371
26042
27377
19757
19759
7187
16693
7186
16690
38000
38001
38002
15365
16696
39334
20715
20714
20710
1876
28670
14038
19727
15367
4900
19726
18400
14040
14045
26026
27357
36295
27351
30991
1887
4916
30993
26023
26022
18407
14047
39328
16675
39312
28657
29988
27324
29986
36282
4925
24294
4929
29984
16678
4920
19703
19710
15353
16684
26006
27336
29992
29991
30971
27333
36279
39304
30977
15357
19718
30973
4934
3605
39309
17981
12290
16650
17980
27305
27308
28638
28632
29960
36267
16657
17989
17992
16660
37582
37584
29978
24288
27316
29976
28645
27319
27312
29973
14005
4951
30957
15334
14009
4956
