17289
17284
4970
4971
17283
3638
31597
2305
29265
2303
2301
30263
4961
3631
4964
29262
2308
3636
4980
4982
17298
3651
2320
17290
0
31585
2315
29275
2
29274
2312
2311
30253
4973
3642
4974
30259
3645
30258
29272
3646
4990
18595
17264
18596
3662
30244
30246
2325
31576
29247
30241
29245
4984
31579
31578
3657
3659
2329
17273
3672
30233
2338
31566
2337
30235
29252
32890
30231
2333
1001
30230
4996
3666
4998
30239
31569
18576
20892
3681
1021
20899
1019
29222
30222
1018
30224
2348
32883
2346
32882
2343
29223
3675
30229
18579
30225
18586
3692
3693
18585
1033
2363
2362
17250
2361
30211
32874
30210
30212
32873
2357
29235
29234
3685
30218
3686
17259
32877
20874
17223
20870
17220
18552
17221
2375
32863
31533
1038
32862
29204
19888
17233
17234
19897
18560
17232
29219
2386
2383
29216
1051
2381
20886
31520
31522
31521
29214
1046
29213
2377
29212
2376
32859
18569
17238
32857
25749
25748
13760
1065
1063
25742
25746
1057
1056
13763
37730
12430
36402
12435
13770
25752
24423
1074
25755
24426
11119
37729
12449
1069
13774
11111
13772
13778
12448
12445
25727
25726
25729
25728
1086
1084
25722
37716
13749
37717
1079
12410
12411
37711
13744
1090
9810
25732
24402
1094
24405
25736
12429
37706
13758
37708
13759
37709
1089
13752
13753
9804
12420
37701
13757
9805
25706
25709
9821
13729
13720
9812
13723
9819
13721
9832
9830
8500
25713
12408
30298
13739
30295
12409
30296
13730
9825
208
209
12402
9841
8511
30281
30287
211
13703
13704
30284
13709
30283
215
8505
8506
8504
29283
13702
8508
9855
8522
9853
13716
220
222
30279
226
13719
9848
8515
9846
29292
9861
12392
37691
9866
11065
8533
12394
232
236
24372
237
8527
11066
11069
8525
36369
9870
37680
7210
7213
11073
8543
7214
37685
9875
35023
23059
24380
244
24383
23053
35026
24386
248
249
8538
36356
8537
9868
9881
8550
7221
9882
8556
11041
37672
36341
7226
36343
11042
24357
24359
25689
252
254
256
35017
25682
257
25681
25684
23021
24352
12377
11048
8564
12381
9893
38992
37660
12384
11052
8568
7234
36330
38993
23035
24368
23038
260
23039
24369
25690
35006
35004
25695
7227
9889
36335
8559
36336
37667
37668
36338
7242
8574
7241
8575
7244
7243
36320
37652
25664
24332
25665
270
24334
23004
8570
24337
25667
23006
278
26993
24331
25662
24330
23000
11023
12355
13686
38984
37655
11024
12354
37657
7253
13690
7257
13691
8587
7259
7258
11031
23014
24346
25676
24347
8582
25678
284
285
24349
288
24340
24341
23011
25672
38974
37643
11036
11035
37645
12365
11039
8596
24318
8594
7267
13661
37630
38960
26974
24312
25643
293
26978
295
7262
26977
8591
11009
11008
38963
37632
36301
13665
12334
37633
12331
37634
11004
13669
38966
38968
7275
7277
7276
12341
38950
25653
24321
25655
24326
26989
7271
7270
24328
7273
7272
26981
12344
13676
37621
11014
13673
12343
11013
12348
11016
13677
18532
17201
7288
19865
18533
7289
31509
20854
31511
31516
32848
18535
32846
20863
17211
7296
18544
20861
20860
7298
19875
19870
32829
19872
18540
18541
20869
31500
32836
19878
31502
18546
17216
31501
19879
35090
20835
35094
19848
19845
32824
32821
18515
35080
20846
35084
3704
18529
19855
35078
23089
20815
35076
35073
35071
23088
32805
3712
36392
36395
20824
3726
23094
23096
23098
20817
36399
18504
36381
36382
36385
35056
35052
35051
24391
23061
24392
2402
19809
23064
24394
24396
36388
3730
3736
11092
36370
11093
11098
35043
20802
35041
20800
23070
23075
23076
23077
35046
36377
19818
3744
19812
3746
2417
16077
16078
16072
16070
30386
2424
28059
30383
30382
2421
13807
29388
3751
3752
28052
2429
29380
28050
16088
2440
30370
16083
16082
28064
30377
13814
30372
2433
13817
30374
2431
3766
29392
29391
17388
16056
17381
2450
1118
28033
28034
31698
2447
28032
31697
30360
1113
2442
28036
1111
3775
31699
3778
3779
1119
16065
16069
16068
16067
17390
2462
16062
2459
2458
31687
28043
2456
1125
2454
28046
31683
1122
29372
17368
18692
16034
17360
30343
31674
28010
30344
31675
1135
29346
28016
30348
16044
16045
17375
1154
2484
28028
1150
28021
28026
29358
29357
28027
1146
1145
32997
20991
18670
20990
18671
16014
29327
20999
1161
31653
32981
2487
30328
16017
18678
32988
32986
32987
18686
18682
18683
29338
28007
1171
30310
31640
32974
31643
2498
1167
16027
30316
32975
24538
23209
13881
1187
23201
1185
1184
23203
1183
1182
25867
24536
36528
1177
37851
13889
37856
12555
12556
24549
13891
23211
25875
1196
1194
24546
24545
23217
37848
37840
9902
12565
11233
12568
36514
36515
11238
25848
24517
24518
25846
11207
9919
13862
11201
13861
11203
12536
13867
37835
36504
37836
24528
13870
9930
24522
25855
25857
37827
37820
12546
9928
11214
13878
9942
25824
25823
28099
28097
37817
313
12519
317
28092
37811
8609
37813
12511
8607
25837
24506
8622
24500
25832
25835
12526
322
325
8615
12520
327
13852
12521
37800
12525
9960
16096
7301
8633
25808
9964
8634
25801
28077
13826
28078
13824
28075
9957
338
8625
9959
28072
9971
25815
9972
8644
8645
25818
7313
25811
25810
25813
340
342
28089
30397
12504
30393
347
12509
349
8637
28080
9968
8635
8636
13833
13832
9983
11182
36482
7320
11181
9986
8655
36484
9984
24498
35154
35153
23169
24492
35159
24493
23163
23164
35156
23165
36487
8646
9977
36489
11191
11190
9991
7332
15
9997
7333
16
7335
23177
35143
365
23172
367
35148
368
23175
369
35145
8659
11198
19916
7341
11160
37791
6014
12495
27
36462
28
8675
36464
24478
23147
35130
23148
8670
372
374
24472
23142
35134
36465
6007
12498
37798
8668
36468
7339
12497
6008
37799
30
8685
7354
11171
6025
8688
36451
37782
37783
39
37784
24487
23155
24488
23159
383
384
385
35129
387
388
24480
7349
37786
6017
37787
41
46
37770
12473
7366
49
37773
8698
35111
23122
25784
23124
25787
25786
24455
8691
24457
23128
8690
395
7360
396
35116
25780
24452
23120
23121
35112
37774
11143
7359
12477
36444
36447
11148
52
53
12478
6043
6045
36430
36431
23133
25796
23135
25797
25799
24468
6040
35108
25792
35104
35103
23132
36432
12485
11156
36437
37768
64
35109
6054
23108
6053
7387
6055
24433
25760
12452
36423
13783
12453
72
13789
11126
12459
11125
11128
12456
37759
23119
6065
12461
7399
13790
23111
23112
24445
24444
24449
25779
36419
23110
37741
36410
80
11137
36415
85
11138
19984
18653
19980
18650
18651
6070
20979
20978
29308
32960
30301
30300
31638
30307
31639
18656
19988
31634
30303
18658
16000
6086
20983
20982
17334
18666
20981
17335
16004
20980
17330
17331
16001
29310
3804
3805
3806
31620
3807
3808
32959
31626
32958
31623
32956
19998
17337
18668
31624
17302
31609
20959
20957
6093
6096
3816
31610
18638
31616
32947
18634
19966
19973
19974
32928
19971
32929
19970
20969
17318
32938
3820
31601
31603
19942
19941
32918
20935
35192
3836
2500
20927
19948
32924
18618
3831
19943
3834
19946
19945
18615
19951
19950
18620
32908
32907
35184
20943
2511
18628
3842
18623
32911
2519
32912
32910
3846
23180
3858
23181
20908
23185
19929
35178
32900
2528
19923
19930
35164
20922
23191
3869
20919
35169
35168
2531
20917
35167
23198
2530
18605
36499
3862
19938
3864
1208
19935
16197
25905
25906
3881
25908
3882
16199
25901
2548
13923
2544
13927
13921
28170
3878
25918
25919
30491
25911
12605
30496
1227
13934
1225
1223
30495
30494
2552
3884
28182
1240
2570
2568
29483
2566
13908
28156
1233
29487
3896
13900
29481
30489
16186
13909
16183
28165
28166
29496
28163
2577
1246
30471
30472
30478
28162
16154
16153
17488
2594
29469
17481
30463
31794
30466
29462
31796
30465
2589
29468
2585
28135
16164
16162
17493
16166
17490
30454
28147
2597
31782
30450
29471
16132
17465
17466
17461
16134
1283
28111
29440
29446
28114
1278
30440
30449
31777
18799
17477
16146
16145
28129
29459
1294
28128
31764
29457
28126
29456
1288
28123
28124
30437
24651
23321
23323
25986
24655
23326
35317
10018
35311
25981
35310
36641
10011
37972
10013
36644
10014
12679
36648
11347
12681
10020
25994
22000
25993
24662
22002
25995
23336
22006
24669
23337
24668
35303
25990
400
35300
24660
403
11353
10022
37961
10021
407
11357
11356
10025
37968
23308
23302
24634
25965
11328
37959
11329
12659
12652
8703
13984
36620
37952
12650
417
419
36623
12657
37955
11325
24649
23319
13990
12660
8720
10008
12669
10009
422
423
12663
12664
13995
11330
10002
13998
10003
11334
8716
8717
25946
7400
8732
24614
24613
37936
13969
430
11305
36607
12637
37939
11307
8725
13961
439
11302
13966
12633
24627
25957
7410
7413
8741
25952
24621
37926
441
12648
445
446
12642
12640
12645
7407
37923
8738
11315
25925
25924
8755
7423
452
28196
454
37917
455
37919
456
458
13940
12612
13944
28192
8761
24604
8762
25935
25937
7430
24609
7432
6103
25930
24601
25934
461
37903
13959
13956
466
37909
468
7425
12620
7428
7427
13953
8770
7444
35275
23281
23283
35278
36590
7452
36593
6123
36596
35262
480
35260
488
489
23297
35266
6117
36598
18705
36599
18707
6118
18703
8794
7462
6130
8792
7464
11280
7466
36582
6134
36584
24596
23266
24599
35250
491
494
24591
24593
24595
24594
36586
6129
11288
11290
7472
7475
11292
7477
6145
36572
11296
11295
35243
23278
7471
7470
35249
35248
35244
36575
11299
6154
36560
11261
12594
11263
11262
35231
23244
24579
6151
7481
35236
23241
23242
35233
11264
6149
12595
11268
7497
6166
6165
11272
36550
37881
36551
37882
24587
7491
6160
7490
24589
23259
23251
35222
11275
37887
37889
36558
36559
6177
6176
12572
6178
37871
35210
25884
6170
25887
23227
35218
35217
35214
37874
11242
12574
37876
36547
6185
12583
24564
24566
23234
6182
23237
36539
3903
24562
25893
37864
12585
11258
36535
11257
12588
12589
6197
18770
16112
18771
29428
29427
6195
29420
3913
3915
3917
29421
16118
16115
18777
18778
31754
30423
17449
17456
28107
28108
29437
29436
28106
28103
29435
28101
28102
30417
31747
30416
3920
31745
17420
18751
18753
29405
29409
29408
17429
31736
30408
2609
31739
30407
2608
3931
17425
3932
31732
17432
31718
16100
29417
29415
31720
2611
29413
2610
31725
3940
16104
2619
2618
18766
3943
3944
17437
3945
17400
2624
18737
31715
31714
17402
3953
2629
2628
3954
17405
31712
17412
18749
17419
3963
31705
17413
3965
1307
17415
31701
35297
35291
2646
1314
2641
2640
35299
3972
18717
3974
18713
2649
18720
2660
35285
35284
35281
2658
1325
2655
2652
2651
3986
18722
2669
2667
2665
1332
28299
3996
3999
1352
1350
2679
12727
1348
12724
12723
16293
28275
28279
2687
1355
2686
2685
28271
30598
2699
12708
30591
28289
30593
16277
28259
1380
29582
1378
30581
29589
1375
1392
16281
28264
30574
1389
30578
28261
16252
16256
17582
29568
29563
31896
30565
31895
28236
1398
30560
28234
31898
30566
16262
16261
17594
17595
28248
29579
28242
28243
31885
31884
29571
28246
30550
28244
31881
29576
505
507
31887
29570
30555
31889
24773
23441
22112
24777
23446
22115
23447
24779
23448
34107
8808
34101
34100
513
11463
514
36763
12796
36764
8800
36765
10136
518
12799
36768
11472
22122
22123
22124
22126
36759
520
24782
523
22120
10143
36751
11474
11473
8814
527
10144
529
8818
11479
8832
23423
24756
36748
10118
11449
11448
35414
530
10119
533
537
11443
36742
12772
539
8828
11444
10116
12775
36746
23438
8840
22101
24764
24766
22103
543
35400
11451
7502
8833
12782
35409
7507
36735
35406
10126
8838
23406
8850
23407
23409
24730
23401
24732
24735
12759
36726
36727
12758
12751
559
12750
11423
12756
11425
8849
24748
24747
24749
8864
8865
6202
8863
24742
23411
23413
560
23415
10107
562
36716
563
36718
566
568
11430
8855
10101
10102
36712
8859
12764
36713
11436
8871
24719
8876
7544
6213
24712
36706
579
7535
6204
6206
6209
6208
11403
24726
24725
7552
24728
6221
8884
6224
24720
24722
24723
583
12749
586
11419
7547
12740
6216
12743
7563
8891
10095
7567
8896
10096
22077
35396
35395
34061
35391
22070
596
18819
18814
18813
6243
6242
35386
35384
34053
35382
34051
35381
22086
7568
18826
18821
18822
18823
7583
6252
7582
10071
10070
10072
7586
6257
22055
34044
34043
23388
34041
22059
23382
34048
22051
22052
35377
35376
7594
10081
6267
10083
6266
7599
6268
22067
23398
22068
35361
7590
6260
18808
34036
22063
35365
18805
36698
18800
18802
36681
6277
36682
11384
22033
22034
23365
35351
35350
22039
35359
35358
23360
24694
34024
24693
10059
6284
11391
10062
36673
35341
22045
34010
6280
6282
34017
23370
35347
22041
36674
36676
10067
36679
10069
37991
6299
36661
12690
11361
37993
22011
34000
24673
22013
24678
6294
23348
22018
35339
34006
35335
34004
34003
35333
34002
35332
24671
11364
11363
37997
10034
11368
37999
10036
11367
11371
10040
10042
37981
11372
36651
10041
24685
22026
23357
22028
35328
24681
24680
23352
37983
37986
10045
10048
10047
36659
10049
35329
18894
17565
18890
18891
17561
16232
29549
29548
29547
2702
2700
29545
28213
29544
28214
2709
31876
30545
17567
2706
17568
18899
2705
2704
16245
17573
29558
31861
2712
29550
2711
29555
28225
28223
2716
30536
31866
17541
17542
18875
18870
30527
31858
16217
31857
30526
31859
30523
2727
16219
30524
17552
18885
17555
16224
31839
17550
29537
28208
31841
30510
1401
1408
17556
2738
31842
17559
17521
29504
29508
29507
31830
2744
1411
2742
17528
31835
17523
1417
31834
2748
17526
18861
18862
34099
29513
34095
1426
2756
2754
2753
1420
16205
31824
17534
18865
31821
31820
17537
31822
18868
2758
34080
22099
34086
34084
2768
1436
22096
1430
17506
31816
18839
18832
17502
18833
31811
17504
17510
1451
2781
34075
1446
31802
31804
18846
40064
24813
39078
40063
2792
1461
39070
24812
27088
36805
1454
36808
27089
12838
2784
11509
40061
36801
11501
39064
39067
39068
40055
24821
39061
24822
11515
2798
2795
1463
27094
12844
12842
11512
15087
15086
40045
15089
1484
1483
12809
15080
12814
28394
27064
28395
27069
12818
28398
28399
1474
28393
39043
39047
40034
40038
15093
39041
24800
27076
12824
12828
12822
15064
39034
16394
15063
15069
16398
15067
39037
16397
15061
15060
16390
28374
28375
28372
39023
15074
15073
39025
40013
40018
12803
27055
27052
30696
30690
601
30692
27057
30699
27051
28380
16372
40003
15044
40000
39015
28358
29689
16370
40009
8909
29683
30686
29682
611
30682
30681
39018
39017
614
616
8900
8903
8904
30689
39002
39005
27038
28363
27032
27033
29693
28367
29699
27036
27037
622
30671
27035
625
39006
39009
8916
30678
10251
36882
24895
24897
22237
34227
35558
8929
630
35555
35554
11584
8923
8921
8927
639
10259
10258
8941
7611
11593
35540
22243
22244
23576
34217
35548
641
35543
34211
10264
7602
8932
648
649
7603
36875
36876
10267
11598
8937
34218
23549
22219
8952
12890
12891
8950
8951
22210
24876
23545
22214
24877
10239
10238
651
654
34201
655
36861
7613
7612
8944
12893
7617
11566
10237
8947
8948
7631
6302
23552
23553
23554
23555
22225
22227
24888
35525
662
35524
36851
7626
8955
11574
10246
8958
10248
8971
24857
7642
8973
10219
35513
673
677
678
8966
10210
10213
6307
8969
10215
12874
11545
12875
22206
8982
23539
7652
8983
7654
23532
23534
680
681
24866
36836
36838
35502
36839
12883
7646
7645
8979
10221
11552
10224
11555
11554
6318
40092
10225
12886
11556
40087
8993
40086
8990
24838
6331
8991
23507
8997
7665
24830
39091
39094
690
39093
23502
39096
693
12858
694
12859
36828
8989
6326
8988
7658
40083
6329
12855
11521
36822
11523
7671
7670
7673
23517
39088
7672
5014
6346
39081
39083
23511
23512
24845
23514
10206
11536
36816
36818
7668
12862
5007
11531
12860
6338
5008
40070
7681
5020
18930
6355
6357
6356
22198
34186
34180
22191
7679
5016
31913
18936
17605
5019
18938
17601
7692
5031
7694
17610
18941
6366
5035
6365
5036
7698
5037
34173
18946
6359
5027
18949
18943
17612
18944
18945
6372
5047
34164
22177
22179
6371
22170
18917
34168
34166
35497
5039
10199
5053
6385
34154
35482
6380
35481
6382
18928
35489
35488
35487
18924
18927
5063
10170
6397
6398
10173
23485
34141
22156
22158
5060
22159
34149
34148
34147
35476
34145
23483
10175
10178
36792
35463
22166
23497
34130
23498
22168
5071
5073
35466
34135
23494
35465
34133
35464
36780
5089
36782
10151
24795
35452
35451
24797
23467
5083
22139
34129
35456
24790
34124
35454
24793
10154
2809
10153
36785
11487
10156
10155
36788
10158
2804
5096
11492
10162
11493
5090
22146
22147
23478
5092
22149
5095
35448
35446
22140
23472
11495
2819
36774
36775
11498
10166
10169
36778
15021
15020
17686
16350
17687
15023
16353
17683
28338
29667
29662
29661
31992
30664
30663
30660
29664
31991
16358
15026
30666
17689
2826
31999
30668
31998
2824
15031
15036
16366
15035
16365
15034
28348
27017
28341
31982
27010
27011
30650
31984
30653
1500
30652
28340
28345
28343
27013
29674
2838
31985
30657
1505
1504
16330
18993
18994
17664
17665
16333
16332
18991
15001
28314
29646
28318
31971
1513
2844
31972
29644
29641
15007
15006
15005
16336
18997
30644
18998
1517
2847
16339
17669
15010
16345
30629
29657
29651
1524
31962
31961
2853
29653
28322
16349
31968
16348
30639
31969
2858
30635
17679
18971
17643
30619
16311
29624
29623
29629
30620
2865
1534
1533
2863
2862
30626
17649
30628
16313
31953
30622
2869
17647
31954
31939
1550
2880
29639
28307
28308
1547
1545
1544
2875
2872
1541
29630
30614
31947
31942
18987
1549
31944
30612
18989
17621
1561
1560
2890
29605
1558
1555
2885
17626
31937
30605
17622
17623
30601
1559
18956
18960
17631
16300
31919
1571
29614
34193
29616
1568
1565
29611
2893
1562
16305
17638
18969
16303
31926
31925
16309
18964
17634
31921
23603
40186
24934
40185
24937
24936
1582
1581
1580
24931
23602
11627
12956
11626
36927
11629
36928
1574
12959
12950
36921
24945
39187
23617
40172
23619
39189
40178
39180
39182
23611
24944
39183
10304
36917
1586
1585
40171
12965
40170
12963
36912
39174
39177
39179
40166
24910
39172
36903
27187
12939
12937
27189
27182
27180
39164
40152
24925
40157
39169
40159
12946
12947
12945
11617
11619
703
11610
705
12940
709
40142
40140
40146
39156
12908
12909
15182
15180
28496
12914
28493
12912
12918
710
28497
712
27160
717
718
24902
15195
40135
15198
40139
40138
39140
12925
12922
12923
12928
720
12929
721
723
39149
726
728
40120
39132
15168
39135
40123
40122
39136
15165
40128
28474
27143
28471
27141
27146
731
27144
28476
39138
738
28470
39120
15175
39122
27159
40119
30794
28485
27151
28488
742
28486
27156
12905
746
39127
39129
30799
21026
21025
21024
21023
10372
21021
34341
23683
35671
33010
35670
22355
23687
23689
34349
33015
750
34346
35674
33012
22351
10373
10376
7713
10379
21038
21037
7732
6401
10382
22368
35668
760
35665
34334
33003
23691
765
34331
7723
21030
10387
769
7725
36996
7726
10388
7728
22338
22339
21001
6412
10350
22331
24992
23663
24995
22333
24996
21008
21007
35658
776
23660
11683
10351
6404
7735
11687
7738
6406
11686
10358
36988
10357
21016
7750
21014
6421
11690
7751
11692
11691
22341
23675
22346
21018
782
784
786
35640
10362
7744
10365
36973
11696
10367
11698
10366
11697
36976
34318
10368
7762
5102
7764
5103
22311
791
34302
35633
796
35632
34301
35631
35630
10330
36960
11661
12992
36963
7757
11662
10331
34309
10333
11667
36966
12996
34306
35637
24989
6445
11670
23651
24984
22321
24983
24985
22325
24988
23657
22326
24987
35625
10349
10348
35624
24980
36950
7766
36952
10344
6439
11678
36956
23625
23626
7780
24959
23627
7782
6453
6456
5125
7786
23621
23622
24955
10316
11646
35611
10317
12978
36949
11648
12971
7778
11640
10312
11643
12976
35615
36945
12974
40197
6461
40196
7794
5133
7795
7797
23630
24961
22302
24965
11657
35601
7789
12983
12980
10321
11652
6459
5129
11654
10322
40192
12984
11655
5140
5146
29707
29704
17725
6468
5138
5139
17723
17731
5154
6488
29714
34297
34291
16404
17732
16407
17734
17735
5168
6499
22298
22299
22291
22292
22293
22294
17709
22295
17700
17702
5175
34275
34272
34270
34279
17712
17713
5185
34264
22277
34260
5183
34269
22271
35596
22274
10297
10299
2904
2902
5197
5198
34253
35583
35581
35580
5194
22280
22281
34256
35587
2917
2914
34242
34241
35570
22259
34249
34248
23580
22250
35576
34244
35574
10275
2928
10276
10282
36891
10283
22265
35560
23598
2933
1601
34238
2932
34237
35565
34233
35564
22263
23594
10285
2939
10288
1608
1607
2934
1603
16472
40102
16477
16474
15143
27126
27127
40103
1612
28452
29781
29787
27124
39119
1618
15147
2948
15151
15150
39101
16480
30772
29794
1623
29793
2954
27132
2953
2952
29798
27135
30779
15158
29790
1627
17784
16455
15122
27106
28437
27107
28435
27104
29767
29766
28436
1633
30763
30762
1632
2963
2961
29764
16457
17787
1639
30764
2968
17789
1636
30766
16462
16461
16460
17797
15134
15133
28449
29778
27116
28440
1646
27110
29771
1645
1644
30752
27111
16467
1649
1647
17762
17764
28415
28416
28417
29748
30741
1654
2984
29740
17769
16434
30743
17765
17766
30744
16440
16444
30729
16443
30728
17770
15110
17771
29759
1668
29750
2998
28420
28421
30736
15116
17777
17779
30733
16410
29724
29729
1672
30723
17750
30709
29736
1690
30713
16424
23725
10419
10418
35719
35717
35715
11744
23736
23739
40298
23734
10425
35700
11750
10422
35705
35704
11754
35703
23703
809
39297
40282
40287
11723
11725
11727
816
818
23713
23719
10403
11737
10405
11736
11739
10408
40270
11730
40261
39276
39275
39279
40264
39270
11706
11708
831
836
839
40251
39262
40250
39264
40253
11709
40259
11713
27298
27299
7801
27292
27290
39254
15282
39256
15289
15288
40243
40242
15286
39250
28594
850
27265
853
7810
27260
40230
15296
39242
40233
40238
15292
40239
27274
27275
860
27273
864
27277
7824
869
7823
7828
21148
21146
21142
35793
34461
22475
6509
35799
34467
33134
873
35797
34465
6501
7835
879
10496
7834
6503
6506
10499
7837
10498
7836
6508
7838
21158
21157
7850
21155
6522
6521
35782
34459
35789
34457
884
33124
888
7843
6514
6516
7860
7861
21121
5201
10471
34440
23786
22455
23787
34448
891
33115
34445
894
33112
34441
6524
6526
6525
7856
10477
7858
10479
6541
5212
5213
23794
22464
35765
34434
35764
35763
23792
6535
10483
5205
33109
6539
22439
6553
11780
7886
5224
22430
22434
22435
10458
34423
34422
5215
10453
11784
6548
5217
10452
11783
10455
5219
11785
10454
11788
35758
22448
7892
5232
10460
7896
22442
23774
22445
23776
35746
34415
34412
35742
34410
6557
6556
6559
7889
35748
35747
23746
6573
5241
5244
22412
23743
23745
34402
34401
10438
6568
10431
5238
6569
11764
11763
10432
35738
5253
5256
6587
5257
22420
23752
23753
22423
22425
10448
11779
35722
5248
6578
5249
11775
10446
35725
6592
5263
5265
30816
6598
29821
29828
29827
29825
16519
30822
17845
5276
30807
5279
29834
33082
29839
29838
5270
29831
29830
16525
29807
5287
33075
33073
29805
33070
29803
17829
30802
21082
17821
21081
29819
29818
17830
33063
29816
29814
16508
34399
33067
16503
17837
21094
17832
16504
21067
21065
22396
33054
33051
22391
22392
17808
22395
34386
21062
21060
17801
33042
34374
33043
34370
17819
1707
21072
10390
21046
21043
10393
33031
35694
34363
34361
33039
1711
33035
22372
35695
21042
10396
1717
33020
35682
34350
22388
35680
34359
33026
35689
22383
21051
1726
16594
39230
16598
39233
39235
40226
40225
1734
27241
28570
1732
1731
27243
28575
15273
15272
40215
40214
30893
27250
39229
1749
28580
30899
1747
1746
16571
16570
40201
15244
39211
16573
40204
28559
27226
1755
27220
30884
30883
27223
1751
29885
30885
30888
1757
16583
15250
16586
15253
28569
27236
29898
27230
30873
28560
1763
27234
29896
1760
29894
39207
15257
1769
1768
17882
17881
29868
27205
28537
27206
28538
27208
1775
29863
28533
1772
28530
29862
16555
30863
17889
15233
30849
17891
15232
29879
1787
30851
30850
28543
29874
1782
30857
16568
15237
17899
15200
28514
29846
28512
28513
29843
28516
1796
29841
28511
29840
15203
16533
17865
15208
17871
17874
16540
28524
29854
29859
29852
16547
30834
15215
901
30837
17877
15217
17878
22515
35834
10539
11860
34508
913
34507
11862
11865
38097
23851
22522
23854
22523
10547
35822
920
10541
35827
11874
926
11876
11875
10544
38085
38082
26095
10516
11846
11848
10519
931
936
35816
35815
11840
35814
11843
35813
939
40393
22505
40399
23831
7908
11859
941
944
7901
945
35805
10520
10522
14096
23802
14094
39399
40388
23806
38068
38069
11819
38060
14090
38061
7918
7917
11822
11824
11827
951
954
7914
7915
38052
40371
38054
38058
23818
40374
39382
26087
11835
26086
961
10506
7920
7923
7925
969
10500
40361
39375
14072
38043
14078
40366
38046
6610
7941
40363
7940
38040
26051
26053
11805
26058
26057
7934
6605
6606
38030
39361
14086
39363
14084
6621
6620
7951
40358
11814
27399
26068
38038
6611
988
27391
27392
27390
21268
22598
33259
992
33257
34585
998
21260
7955
6641
7972
21276
6640
21275
33241
34577
33244
34576
33243
21273
5303
6633
7967
6636
21270
5306
6639
7981
7980
7983
21244
5320
21243
5321
7984
33230
33237
34567
33233
22571
7976
6645
5314
5316
10595
6648
7990
6661
5330
6662
7996
6665
7995
21252
35881
22586
35888
33227
34557
34556
33225
5324
7986
7989
5327
22558
21225
22554
22555
23888
33215
33214
34544
35874
34542
34541
5335
10571
4006
5337
10573
10576
5339
33219
4021
5353
5354
21232
21231
10581
21230
22561
23893
22563
23896
23898
33204
34536
33205
35865
34531
5346
4019
34539
10586
21204
5360
23867
22536
4030
5362
6694
21201
21200
5364
4034
6695
23862
22531
21208
22532
23863
22533
11888
35854
34522
11881
5357
4027
10552
10551
34528
11884
10556
4041
5372
21213
21212
4043
5375
22540
22541
22544
23877
5370
35845
34511
34510
35841
5369
34519
10565
11897
5382
28619
16631
4055
5387
5389
29947
15309
16635
30945
15303
16634
15302
15307
16637
30942
16636
5396
15310
29955
5391
4061
28621
17978
15314
30935
15319
15317
30931
17940
33196
33192
29926
29925
29924
17949
17947
16611
16610
30924
30921
4085
4086
17950
28609
4087
17951
28602
28603
29931
28606
29938
4081
28607
29937
33188
30914
1805
30913
16621
1803
16627
17953
16625
29909
29908
4097
4099
29901
29900
33172
4090
4094
17927
33177
30901
17926
30902
1815
29912
33163
33164
29914
1822
1821
16608
21195
16601
17935
16604
21169
21167
17909
34489
34488
17905
17906
22493
33155
22494
34485
21161
17900
21179
21177
21175
33140
1844
1841
1840
34476
33146
17918
17912
21174
17910
15384
14050
15388
14057
38024
39357
14055
26038
27368
28699
27369
40349
28693
28694
27361
27366
1851
26033
28695
26035
38027
38028
28690
14064
39342
14061
39341
15392
39344
38013
38014
40331
15397
39345
26049
14060
40339
40338
26042
27377
1862
27378
16693
15361
39331
16690
38000
39330
38001
15365
38002
16696
40320
39334
1880
27348
26015
40328
28671
1876
28670
14038
38007
15367
14040
15375
40315
26026
27357
40319
27351
30991
30993
27350
28681
26023
27355
26022
28685
1881
14047
39328
14048
30997
16675
39313
14011
39312
28657
29988
27324
29986
28659
27329
30982
29984
29983
16678
15347
15346
39319
16682
15355
39300
15354
15353
39302
16684
14021
39301
26007
26006
27336
26009
29992
29991
29990
30971
27333
26002
39304
30978
14027
14028
30977
39306
15357
15356
16687
17981
16652
16650
17980
27305
27308
28637
28638
28632
29960
17989
15327
16658
17992
16660
29978
27316
29976
27313
28645
27319
27311
14005
16667
30957
15334
14009
16669
22635
21302
21301
21309
23962
22632
21306
21304
23965
11988
35955
11987
35954
10659
11989
23971
23972
23974
22643
22644
22645
11999
10669
10660
11992
10664
10663
11994
10666
11997
34615
34614
22614
23945
23946
23948
23940
10635
34602
34601
35931
11968
35930
34609
34606
34604
22625
38198
23958
38193
23954
10648
10649
35929
35928
11973
23923
23924
23925
38189
10609
38181
38182
26194
11943
6709
11947
26198
23919
35918
6701
26191
6703
11942
40494
23933
22605
23936
38179
40499
38170
11959
6712
6714
6717
23900
14196
39493
40481
38166
23904
11919
40489
14192
39492
38161
26175
26177
26179
6722
23911
39485
38153
38154
38155
23917
11929
39480
38150
10601
26183
26186
26185
26188
11938
23909
6732
5405
26181
21389
20057
21387
33372
19062
19065
33371
32048
33375
21383
21381
6745
5415
6763
32030
32031
19076
19075
19071
16808
33369
32036
16805
32037
34698
33368
32035
34696
32032
5426
21391
6759
20038
21369
4110
4111
20032
4113
22693
32020
33351
32028
32025
32024
34685
33352
32022
33353
5434
4105
5438
4108
20048
21379
5450
6781
20044
19055
6786
20043
19052
19053
32016
34678
34676
34674
32011
6777
5445
4116
6790
5461
19029
21345
20013
20012
6795
19022
6797
19025
10690
4135
35991
22672
19020
22675
20019
21349
34667
33337
34666
32004
32002
33331
10692
33339
21358
20025
5472
5473
4143
19034
4145
19030
22683
22685
20029
22689
35986
33324
35985
34653
35984
33320
5467
6799
5468
5469
34659
35989
5481
19004
5483
21321
5485
4157
19002
5488
23980
23982
23984
5480
34646
35974
34643
33310
34642
4149
10676
23999
5492
5493
20004
20003
5494
21334
4164
21333
5496
20000
5498
19014
22660
19010
22663
23995
23996
20006
34635
33303
33304
34634
35965
10689
35963
35960
23990
5489
4159
33307
35969
33308
10688
34636
33306
4175
15420
16751
27403
28735
28733
27402
28738
27407
15423
15427
4183
4186
16763
27415
28743
27416
28742
14102
1903
14109
1901
14107
28716
4191
4192
15409
1916
15400
1914
16738
15407
15406
15405
16740
28724
28726
1929
15413
15412
1926
16742
15415
33293
33291
1930
33299
28708
33285
28700
33280
28705
1943
1941
33289
16722
1946
16725
16724
21289
21285
33274
21282
1959
21280
21297
34592
16709
16708
1963
34599
33269
34598
1960
34595
16701
21291
1967
16703
16702
1966
38142
39475
40463
14176
26159
1976
27484
27487
11903
11906
11905
27486
14185
39463
14189
40451
11908
40456
14181
11913
11912
14152
14150
9007
15486
40442
14156
9008
38123
39455
26139
28792
1995
28791
27466
28794
39458
39457
14158
15488
9014
9015
9012
38110
38111
9018
39443
9019
39442
40431
14167
39445
15495
14165
26148
40434
27479
9011
40438
27473
26146
26145
39447
38116
16792
9025
9029
16796
14134
38102
14132
16793
38103
15462
27448
28776
26119
40428
40419
28774
28775
15467
14135
39437
15466
14139
9036
15471
9037
9035
14144
40410
15476
39422
28789
40412
27457
9032
9030
27451
28782
27455
39424
39427
16773
15442
15441
16772
16771
9040
28754
9044
9042
15446
39416
14113
39415
16775
14117
15448
39419
16779
16781
9059
14123
14120
14121
26104
28768
26105
26107
27438
28769
9053
27439
28764
27430
26102
28762
27431
14126
16788
14124
15455
14125
39407
19104
9067
22758
9062
22750
22751
34745
34741
34749
10774
34748
10773
34747
20103
19117
21433
21430
19112
22761
9076
22763
22766
9075
33402
34733
10788
10780
34739
10782
10785
10784
22735
21401
22736
22739
21407
9088
9086
22733
34723
10758
34720
21412
22747
21410
10767
34710
10768
34714
6815
22715
6828
10735
10738
34707
10730
34704
10732
10731
38294
38296
38298
5510
22720
38291
22722
6839
5505
10743
6850
38288
6852
38289
38280
38281
26294
5519
26293
10714
10717
6842
26290
5516
6846
10710
26291
6848
38272
40592
5530
6863
22707
4201
40599
5523
6856
20179
4210
20176
6873
33494
33491
19185
33490
32167
32164
33496
5533
5535
6867
20171
5536
16913
4207
4208
6881
20188
5552
20187
20186
6884
32152
19194
19196
33481
28903
19191
28901
19193
19192
32159
16926
33485
16920
6878
6877
5548
16923
6892
21487
6891
21486
6894
5563
4232
19168
6896
21483
32141
33470
32146
33478
32142
33473
21482
20150
4226
6889
21480
6888
4227
20168
19177
34792
19175
19174
19170
32137
16904
34796
33465
20161
21490
16902
21468
4250
4252
19149
19146
5586
4256
20130
21461
33450
22797
20139
22799
33453
32120
21460
19158
20146
21477
5594
4264
20143
21473
5597
5598
34770
20149
5590
34778
32116
34774
32110
20140
4257
21470
4258
19125
4272
20113
19127
20111
4276
21441
4277
22775
20116
33435
33436
34764
33432
34761
34760
10793
33439
4284
20124
21455
4286
21453
19135
21451
21450
22781
19131
20128
22788
34755
33422
34753
4279
33428
34757
4295
15541
40502
27525
40500
27523
27528
4291
4292
27521
15546
14213
39517
39500
28864
28865
26204
27538
28862
26201
39502
15555
39503
39506
14228
15520
16850
28833
28831
28832
27501
27506
16854
15523
16859
15526
27519
15531
28844
32095
32092
28849
32099
15532
15536
32085
28812
32084
28814
15502
16833
20095
20093
16830
20092
28822
32075
28821
28826
28825
32079
32076
16844
15512
16841
15517
15514
20078
32063
19080
32060
19082
16818
32066
16815
16814
16813
19099
20086
19095
33382
28802
33389
16827
33388
32055
33386
16820
20081
16826
38261
38262
14292
9100
38263
40580
38265
40585
9104
14296
38267
39590
26272
26273
26277
38269
39582
38251
39581
38253
38254
9117
9118
38255
40573
38257
10701
10704
10706
9108
40560
9125
39573
14271
39577
39576
40568
27589
9120
9121
26254
27587
26255
39578
14278
14279
38231
14287
39564
40552
14288
39565
9138
26269
26263
26267
27596
38236
38238
14250
15581
15580
9145
40542
40541
38223
39555
40540
14252
27569
40545
40544
27564
39540
9155
14260
15590
40531
9159
26247
27579
40539
9153
9154
40536
27572
40529
27573
38215
39548
38218
15560
9168
16890
9166
16895
16893
9161
27547
28875
40521
27545
26218
26217
27549
9163
40519
28873
15568
14236
14237
38205
16897
15565
14235
39539
38208
9178
15573
26225
27557
9172
40512
26226
28880
40509
27553
26222
39524
15579
39526
14245
39525
15576
39527
39529
19225
22877
9188
19220
9183
22871
20219
9186
21549
9187
32204
32202
34863
33530
6909
10891
10890
32209
10892
19228
33536
34868
6903
21555
21554
20220
19231
19234
19233
9194
22885
20227
6917
33523
34859
6912
21522
19205
22859
19200
21524
10876
33519
34848
10872
19208
19214
20202
22869
19212
21539
20206
21535
34833
10888
34832
5609
33509
33507
5601
10881
19218
33506
33503
34834
19219
10885
22833
37099
22837
5620
6950
21509
21507
37090
21504
21502
22832
5618
10857
5610
34829
5616
6947
37084
21512
22846
22847
22848
37089
6962
22840
6953
34819
34818
5622
5625
10861
22811
37075
22813
22814
37077
22810
10834
25089
10838
4301
5633
22809
4305
34804
5636
22823
37064
22824
37065
22826
5651
22828
5653
10843
10846
25099
4312
5646
5648
5649
6990
5663
6994
5664
32284
32281
32280
32287
32285
4324
5656
6989
5659
4329
15701
5674
5675
32272
3009
32278
3005
4334
15714
15713
5680
5682
20277
20275
5686
3024
33592
19283
19281
33599
33597
32263
33594
33595
5677
5692
20286
19299
5697
3035
33582
19296
19295
3029
33583
3026
3025
5688
5689
4358
19268
20257
4372
20255
21585
20254
21584
20252
4376
21582
19261
3046
3045
19260
3042
3041
32247
33579
32246
33577
32243
33574
3038
33572
33573
32242
4369
4381
19279
4382
20266
4385
19276
20264
20262
34890
3056
32236
32237
33568
32235
33566
32232
33563
3048
4378
4392
21565
20234
19249
4395
4399
3066
22897
4390
34887
34885
34883
4389
33558
3070
19257
19259
20243
19256
20241
3076
3075
20249
32214
33541
33542
3069
32217
3082
3081
3088
28978
40624
40617
27641
28972
27640
16998
15666
13005
13008
13009
39637
13006
38309
39639
15674
14340
27656
26324
27657
40611
40610
26326
28986
3097
26327
28989
26329
40606
27650
26322
39622
14345
15675
14348
15679
40603
28957
40602
15645
14313
15644
15643
39613
15649
39615
16978
39618
15646
39617
16977
16980
27634
26301
28964
27638
39609
15656
16986
15655
16985
14323
14326
39606
27607
27601
27604
15629
16959
16958
27618
16961
27612
32191
28947
27616
28945
32190
14308
15632
16969
15636
9201
28917
9205
9206
20197
32184
32182
16938
15606
16937
32188
15600
16930
20191
20190
15603
16933
9214
9215
15618
32178
16947
15615
37051
38382
37053
9221
38385
9228
13087
10808
10810
25064
10815
26396
10816
9218
9219
37041
9233
40696
22804
22805
9236
13097
10819
40699
13091
9231
13090
25075
10824
10825
25079
37049
9245
38361
38362
37031
14391
9244
14397
37033
39695
38365
14398
9248
37036
25047
40686
39690
9240
26371
26370
37037
38368
37039
9256
13074
9257
37021
9255
13078
37024
39686
9259
40677
26389
40676
13070
9250
26384
25053
25052
25055
25054
26387
39689
39688
38359
14371
14372
39671
38342
37011
38343
38344
14373
38345
13043
14374
40660
26357
26356
25027
25020
27685
25021
27683
27684
14379
37015
38346
39677
37018
38349
14382
9279
39661
9276
9277
40652
39662
13056
13053
14385
26368
25037
25039
40659
27692
25031
25030
26361
26364
25032
27697
26365
39666
37009
15681
15680
13022
14354
27668
28996
40643
40649
25007
25009
27660
25000
13026
13027
38326
13028
14361
15690
14364
14362
39643
13032
9292
27679
40633
26345
9290
9291
9296
40636
9295
25013
39645
39644
15699
38315
39646
15697
39649
21666
19345
19348
21664
19347
19341
20330
19344
18013
20338
21668
22996
33651
34980
33650
32326
18026
20344
19358
19353
19352
19350
20348
21678
32314
5708
34972
5701
33648
34979
21643
20312
20311
19320
19322
19321
20316
20315
20314
34962
5710
33639
32308
10992
32309
10994
19328
33638
33635
33636
19335
18003
22987
18005
20322
20320
18000
18001
5730
20329
33623
34950
18009
22954
21622
19301
19300
21629
21625
21623
34942
4409
33612
5732
4402
34948
33618
34947
33616
4406
10973
4407
5738
34944
20301
22966
20300
19315
22968
19311
19310
20306
22962
20304
4419
10986
10988
4412
34938
34936
5746
33604
5747
34935
37196
37197
4430
21606
21605
10954
34920
34929
5753
34926
5756
5757
5758
4427
34924
4428
22944
34909
5774
3111
21617
21613
10967
10966
10969
3105
21609
5764
4436
34915
5768
10961
5769
4438
10963
34911
27805
5781
18099
4452
4453
31071
27800
3121
27803
27801
31070
15827
15826
3117
5790
5792
4464
4465
32393
31062
15838
3128
15837
31065
3126
14500
14504
14502
20398
20397
18077
18078
18074
31054
32387
3136
3135
15808
5797
4466
4467
4468
15801
18089
4487
3155
18082
15818
31047
31046
3148
32373
15819
4477
15812
4491
4492
4493
20376
4497
20373
18057
4498
20372
19382
33692
19383
31036
32368
31035
32366
33696
3157
32363
20371
20389
20387
19397
18066
20383
18068
3178
33681
18064
3175
19391
3172
33689
32353
33682
20382
4499
20380
31029
21688
19368
20356
3180
20355
20354
21685
20353
21682
20351
19365
33670
3188
19362
18030
20358
21689
31013
20368
21698
3191
18049
21697
18043
20364
21694
20362
34990
3198
18042
3193
20369
34998
32335
32336
32333
31005
33665
34992
31001
32330
33668
33669
34999
39751
13121
15783
13120
26436
25107
40748
25109
40739
27761
39755
13126
15787
39754
13123
38427
38428
15793
14461
38410
15792
38411
26445
26444
40730
25110
26443
27771
26442
14467
15797
13134
38415
38417
38419
13139
39749
15762
14430
14431
15760
27744
26414
27748
40725
27749
26418
40724
26417
38409
39733
14434
38401
38403
13107
15769
15773
13110
15772
13111
15771
15770
14440
27755
26423
27756
26425
26426
40713
27758
40707
40706
40705
27751
26421
39721
14449
39725
9301
27728
27724
40702
40701
39719
15749
14411
15741
15747
14420
9316
39700
15754
15753
9307
39701
14422
39703
14428
9323
27709
9326
9327
27704
15721
15725
15724
27719
8001
9332
9335
27711
32290
32291
14409
32296
14401
9328
15735
14404
9344
8014
8012
9348
37177
8018
9349
22916
8015
22917
8016
10928
9340
8010
10934
10933
25187
25186
10937
34906
22909
34900
25180
37163
22923
22924
38497
22926
37167
9357
8027
10939
9352
8021
38491
37160
25196
25198
25199
8019
25190
9366
38482
8033
8034
37155
38488
25169
26499
25168
8031
13180
9360
38480
26492
26491
25162
25165
10914
25167
10915
40790
22900
38472
37142
40795
22903
22904
40793
22905
8048
22906
38477
10919
13190
13191
10920
10925
25178
25177
37147
38478
25170
40780
14492
39790
37130
39793
40784
37132
39795
14497
39794
40782
13163
38466
25146
25149
40785
8053
8051
9383
25140
26473
26475
37136
38467
38469
8068
38453
13174
38455
13175
8060
8061
25159
9396
9393
9394
40778
26483
25152
10901
25151
25156
10905
38456
39787
38457
40762
14475
39775
8072
25127
40763
8075
8076
26450
27782
39777
37115
37116
14482
14480
40750
14486
37100
39764
38433
8082
25135
26469
40752
25139
8085
27791
26460
40749
5809
25132
26462
27793
14489
38434
39765
13159
38438
5802
21786
20455
21785
21783
20452
18134
18130
21788
8096
33776
33777
33774
32444
31111
33771
32440
5811
32449
31119
32448
21797
19479
20462
18143
21793
20461
31102
31101
5828
5829
33764
31103
21790
5825
18113
18114
21764
19444
18115
20430
19440
18111
20436
21766
33753
4500
33759
19448
33756
32425
33757
5837
19455
18125
19458
21772
18120
18122
19453
5851
21777
33741
5841
5842
4511
18128
18129
4515
33748
4517
5848
21743
21742
19422
4530
21747
20415
21746
4529
32401
4522
5853
4523
33739
32405
32406
4527
20423
18102
21754
21753
21752
21751
19430
5871
4541
5872
19431
21756
3208
33722
33729
19437
33723
4538
19439
21721
5881
33711
3218
3216
3214
3212
19409
4544
4545
4547
4548
5879
19407
33713
21730
19413
5894
3230
20402
3227
4554
5885
33707
4555
33705
4557
5889
4558
33703
33704
27928
4571
3241
40900
31190
14616
14617
39918
3236
39910
4580
4582
4586
3255
31182
3254
3253
26600
3250
27933
31180
14629
39905
31189
39908
14621
4577
4578
39900
15951
14620
4596
18193
31171
31170
18195
31172
27903
3261
4587
15921
32492
32490
3274
27913
14607
31167
14605
15937
14606
32499
3268
4598
14604
3280
32481
3288
18171
3283
3281
32485
15908
3278
18186
31141
31144
18158
19488
18156
19481
18151
33798
31135
33799
33797
32463
32464
33795
18168
20485
19496
19495
19492
18161
33780
18162
18163
33788
31125
31120
20480
31128
31127
14573
13242
38541
39871
14571
38543
13241
27887
40863
25225
40862
26559
40868
40866
25220
27883
26552
38544
39876
13247
37217
39879
38549
13249
14585
39863
13252
25235
26565
40851
40856
40848
25230
26561
25233
26564
25232
14588
13258
39867
38536
38539
25209
9402
26533
40842
25204
40841
40847
25208
26539
25207
27868
40844
27861
14556
15886
38523
13225
14553
13222
39856
14554
13228
14558
39859
9411
13231
9413
39840
15891
27876
27877
27875
40833
40827
26542
25210
15897
38512
14564
14565
39846
27849
39830
9424
26511
26510
27844
40824
27848
27845
40822
40818
38509
40819
14533
38500
9419
14534
15863
14532
13207
39835
13204
39837
38507
26529
9431
15872
13210
40810
26526
40813
40812
39828
13219
40804
40809
9427
14542
39823
13211
39822
9428
39824
14549
15878
14547
8112
9447
9448
8117
8114
27821
27822
27820
27826
31092
39818
31098
31097
31099
39812
15840
8108
15844
14514
39815
26508
8122
27839
9458
27832
27833
8120
27834
31080
15859
39808
14522
15854
14526
39802
8135
8137
21706
9461
9462
21700
8143
37287
9478
37289
9473
37280
21712
9471
21708
9487
9485
37276
8158
8153
9484
25285
25288
25280
37260
9499
9497
37265
8163
9495
25297
25296
25299
37268
13282
38580
8179
8176
37251
37253
26599
25268
25260
26592
25263
8189
8187
37240
38574
40893
13298
40896
8185
13290
5906
25274
5903
13260
37231
39894
13265
37232
14596
14593
13263
39895
40886
8191
8194
5915
26573
13269
38569
14598
13271
39881
40876
26589
40878
40877
5927
25250
26583
13279
37225
38557
5921
13278
5923
19587
18257
18258
20575
19589
20572
19586
19580
19581
33895
5939
33893
32563
32560
33892
5930
5933
4602
5934
19599
18269
20586
19597
5950
19590
18262
20589
4618
31225
32551
32552
4611
4612
4614
5945
5946
33889
18234
19567
18230
18231
19563
20559
20557
31211
33873
31210
31219
4624
18239
31218
4626
21897
20566
18248
19578
5971
18243
19574
21890
5972
31200
32531
31203
33860
32530
31209
4631
32539
4634
31205
5966
32538
4636
3309
33866
4637
31207
21862
18215
5981
19541
3320
20539
21868
20536
21866
33854
33850
3311
4643
4644
5975
18216
33855
32524
18219
20543
18225
19557
5990
21872
20540
5991
5992
4662
2001
20546
3329
3328
33841
5986
32517
33848
19559
4657
19558
18228
33847
19524
4673
3342
2011
2008
33830
2003
2002
3333
32508
5996
5997
33837
4668
33835
19527
19532
20521
20520
36091
19535
2021
2020
3351
20527
36097
21856
21855
20523
36094
2019
18209
4675
4676
4677
33827
18206
33822
4693
4696
3365
3363
2031
38706
38709
3359
13401
14730
4689
38702
13402
26728
26729
2045
26722
26721
26724
2041
13417
2036
3366
13411
14742
14743
14741
13416
13413
31291
2054
31294
3385
2050
3380
2046
14713
14712
26706
31281
2066
26701
26703
31289
31285
3388
14725
2070
31272
2073
2072
3399
2089
2085
14707
31268
32595
31262
32594
14702
14700
20598
20595
18276
2098
31250
2097
2095
32588
32587
31251
31254
20590
18286
18281
18283
31244
31240
31243
39991
37330
38662
39992
12030
37332
14692
9500
37333
24014
25347
26678
36000
26677
26679
26670
26672
24011
26674
39997
37334
13367
37335
14699
39996
12034
13365
12037
39998
12039
12038
13370
39981
12041
12044
13372
38652
13373
38653
25355
24025
25358
24029
26681
26680
26682
24021
26684
37324
38656
39987
39989
12049
37328
39970
14673
37311
26654
27986
27987
25329
27989
26650
38644
12015
14675
38648
9519
13347
37318
37319
13348
8200
9535
14684
38630
8203
27997
27998
24003
25336
24006
26669
24008
24009
37309
25330
27994
26663
24000
26662
24001
13356
38633
14688
9529
12025
39965
39968
39967
13358
9542
25308
14650
14651
9547
15981
39951
39950
27964
26632
25305
26635
27969
25307
26630
9539
13323
8209
39952
13324
39955
13321
13322
39954
13327
14659
15989
14656
15991
40931
25311
27974
25316
26646
25318
26649
27978
26648
40926
40925
25310
40929
12002
15997
15996
39943
12003
8218
13339
12005
26618
9565
8231
9563
8238
9566
8235
26610
27941
27947
40923
40921
26615
38607
39938
14639
13302
15962
39935
14634
39936
14640
9578
27954
40913
40912
8241
40911
27955
9570
39928
40905
39927
40904
40907
13312
39920
14643
13317
15976
39925
13315
36081
8256
8253
8254
21825
9583
21823
8252
21821
36083
24097
21819
21818
33815
19504
19503
33811
19506
33812
24092
9598
21830
9596
20508
36074
21833
19515
37395
8279
8270
12091
37390
12090
36061
24075
24077
8288
21817
36057
21816
21815
36052
36051
8283
36050
24083
36059
37389
12071
8299
12070
37372
37374
12076
36046
25388
36044
8290
8296
8294
25384
36047
24056
12082
38690
37361
37363
38694
37364
37366
24068
36034
36032
24067
38698
37367
37368
38699
12089
13381
13380
37352
12055
24035
26697
25369
26699
24038
25368
4705
25361
24030
4709
36027
25365
38688
12058
38671
37341
37343
13394
37344
25378
36012
25377
24049
25370
24044
12069
4711
4713
20696
29029
29023
4728
30026
31350
31353
30027
32689
18388
17054
17056
17050
29035
30012
29033
30015
31346
30014
32673
4732
4734
29030
30016
3409
30019
3408
17027
18351
18352
20671
18354
3420
20677
29002
31335
33994
30004
3414
32664
29004
3411
29003
4742
4744
17028
17029
4747
31338
3418
17036
19697
20685
17038
17032
4760
18363
19696
2100
19692
18361
32654
31322
3427
29010
33984
32650
29016
17039
32658
4756
33989
4758
31328
3429
20654
19664
18335
19663
18331
21989
20658
20657
21988
21986
3436
2102
17006
31315
33978
4768
19668
32648
17008
4769
2109
18344
21995
19675
20663
19678
20662
18340
21991
19674
18342
21990
3452
20666
21997
33964
32630
2116
3446
2113
31307
4775
33969
32638
31304
33968
4779
31303
32634
31305
18312
20639
2130
3460
21965
20634
32622
2128
3454
32629
18319
4789
19647
18315
33957
19646
32623
18317
18318
32624
21973
18324
19650
19652
19651
18321
2143
21979
2141
20645
2139
3469
3468
2137
2135
3465
4796
32618
4798
33948
18328
32612
19659
25509
26839
3486
2150
3480
14858
3478
3477
13522
14853
38824
30092
30094
26845
3491
25516
30090
38817
14869
38819
3487
13533
13530
14867
14868
12206
14865
38815
12205
13535
26815
2176
2175
30083
13507
38806
29089
13505
29087
30085
2167
29082
14831
29086
29085
38803
14832
26827
26826
26829
30073
2185
2184
2183
14849
13518
30079
13519
30078
13516
29098
30075
2179
13511
14845
17088
30061
17085
2195
2193
2192
14817
14818
30066
30065
26806
31381
26800
17090
26803
26802
29078
31387
14825
31383
29075
14824
18399
9600
17060
18393
17062
30042
31375
29042
30049
17075
17076
17073
17070
14806
30037
32696
14803
32697
30036
32694
31361
30032
32693
14800
38781
12152
13484
12151
38784
13482
9621
12154
38785
36123
25465
26796
36121
24136
36120
24138
24139
36129
36127
26792
36125
38786
13488
9616
9617
37456
13486
9615
38789
37459
13491
13492
13490
12163
13496
8302
38774
37443
36112
24149
25471
24140
25472
36114
12166
9628
9625
13497
12169
38777
9626
37449
9629
9642
13462
9646
38762
12132
36101
26774
24113
26777
24117
36108
36106
36104
36102
8307
38765
12133
38767
37436
13465
12137
8321
8322
12140
8326
13471
9654
37421
25454
25457
26787
25459
24128
26780
26782
26781
24121
25452
8319
13478
38755
12147
38756
38757
37428
13479
37429
8332
25429
8337
14772
7005
8335
25422
25426
9660
25427
13442
8328
14779
13449
12118
14777
37418
8344
7012
8342
13451
8348
9679
8346
24102
26766
25435
25434
25437
26767
9671
24108
26769
25430
12123
13455
12122
14784
37402
13454
7009
14785
13459
13457
37407
12128
9686
8355
26738
7026
7025
8359
7028
8356
26731
26732
7020
9680
13429
14753
38721
7018
14751
38722
38723
38725
38726
13424
7033
8363
7035
14760
25411
26741
8361
25414
9693
8360
38717
38719
13433
7029
13431
13432
38713
12105
13437
38714
12107
14766
14767
13436
8376
20610
7043
19620
8377
19623
8375
19622
7048
33929
21947
20615
21946
7040
8373
8370
7041
20611
33931
33938
19628
32605
33937
32602
33933
18301
20620
19631
8386
7056
7059
20628
36198
21957
8383
20625
21956
7050
36193
18309
33928
19639
19636
33922
7065
19601
19600
7067
36186
21924
21923
36184
8392
24193
24198
21917
33917
19606
19608
33912
24191
21930
7076
20606
20604
7073
20602
21933
21931
7074
36179
19618
33906
12192
36167
7080
24179
7084
7083
36162
36161
36160
24171
4808
24175
4801
37483
37484
21916
7091
24189
7090
7093
36152
7097
24181
4815
36157
4811
4813
4814
12170
37472
37473
24158
24153
25485
36146
12178
4821
4822
4823
4824
12183
38791
37460
12182
12187
36134
36132
36131
24161
3501
36137
36135
37466
37469
3506
17169
18494
17163
18496
17160
18491
18492
29143
30146
29142
3510
30149
3519
4845
17177
29156
32798
3525
29154
30135
14903
3524
30132
31463
29158
4853
4854
31469
14901
32799
4858
30139
20796
17148
18479
4871
20790
2210
2207
29123
31454
30123
2202
31452
4862
17149
4866
30129
31459
18487
18489
17159
4883
18482
2218
31443
30112
3548
32776
30114
31445
32774
31444
29131
30113
32771
29137
32772
3544
29136
31441
2211
32770
30116
31447
32777
30117
2219
17124
18456
18457
20770
17121
19784
17122
2231
29106
20779
31432
29101
31431
31434
32760
31435
32769
32767
20785
18461
19795
20780
3573
29118
2240
19790
20787
29111
2239
31420
29110
2236
29116
3566
2235
32750
29114
2233
29113
4896
4897
31427
19763
17103
20750
2252
3583
3581
20757
20755
20754
3579
3578
2246
3577
3575
19767
20763
18444
17114
18440
19772
3596
2263
3593
2255
32739
31409
19779
17116
18447
31402
17117
31405
32733
2276
26951
26953
26952
2273
37617
37619
14979
3597
37611
14972
38943
38945
13644
24308
25633
24302
25632
2283
24305
2280
25636
38937
37607
37608
2279
26960
38930
13651
37600
14989
37604
13655
25606
25600
2295
26933
2292
26934
13626
13627
38929
14951
38922
14953
14954
13623
26949
25615
13639
13637
38918
12308
38919
30197
2299
13632
14963
14960
12301
12300
14966
13636
38912
14967
12302
38914
14965
9700
9701
26910
26913
13606
13607
29188
13604
14936
38907
29181
13602
38902
29183
14932
26926
26925
26924
14949
29199
30176
29192
14940
14941
29190
13613
17186
9723
17188
17184
31497
14914
30168
14919
30165
14918
9719
29162
9731
30150
17194
17190
14926
29178
31486
29177
14924
30152
31483
30151
14928
30154
29179
9726
30159
14920
29171
9729
14921
9741
9744
8414
37574
12274
25586
36241
36240
111
24250
114
25582
116
117
118
119
9735
9736
37579
12281
37560
9754
24266
25598
36231
25591
24261
125
127
36235
36234
25595
129
38896
38898
9747
9763
7100
38880
12251
7103
13583
37552
8434
9765
26896
25564
24235
24237
24238
25568
36229
36227
25561
25560
137
26894
24231
38885
8428
37555
13585
13586
13591
9772
9777
7114
38871
12261
8447
13593
7115
24245
25578
25577
141
143
25571
36212
37545
38877
13597
9769
37547
38878
38879
8453
7121
9782
9783
14893
13562
37530
12230
24211
25542
25545
25544
25548
36208
36207
36206
36205
26872
25541
36201
38863
12235
7119
37536
12236
12238
14899
7131
9796
9793
7134
9794
8468
7136
13572
37520
12241
25554
26885
24225
25558
9791
24227
9792
8461
24229
37529
167
168
25550
37522
13577
37524
38855
37525
12248
38857
12249
8476
8477
7148
25523
172
25525
25524
25527
7141
25526
176
179
38842
13541
12212
14873
37516
7156
8484
13551
8488
14880
8489
25531
24201
26864
8482
183
8483
185
8480
25538
26868
38838
26860
13555
38831
13552
13553
38833
37504
38835
38836
37505
13556
14888
13557
12227
20731
20730
7164
8495
8499
20736
193
194
7160
20732
32728
18418
32726
32724
32722
18417
19753
7176
18423
20740
18424
7172
32711
19759
7187
7189
7181
20715
20714
20710
19727
4900
19726
18400
20728
36299
20724
36295
4919
20719
18407
18408
19734
19737
19700
36282
24291
4925
24294
4929
19708
4920
19702
19701
19703
19710
36277
36279
19719
19718
3607
4934
3605
4935
12290
12295
12294
37597
36261
36260
24270
3614
36269
24275
24276
36267
37599
4942
37581
37582
24288
24280
36258
24286
36257
36256
4951
4953
4954
