17284
4970
4971
21304
11988
35955
35954
29265
10659
2303
34620
2301
30263
4964
29262
10653
3636
3637
11985
22648
17295
23971
23974
22645
0
11999
2316
31585
29276
2315
29274
2311
30253
4973
3642
11992
30259
10666
2319
34614
22614
4990
23948
18595
17264
3662
18596
34602
30244
35931
30246
2325
31576
29247
29245
35937
31579
34604
30233
11977
10648
2337
29252
10649
30231
1001
30230
35929
35928
3666
11970
4998
11975
10644
30239
31569
35923
18576
23925
3681
23929
17243
10609
1021
29227
38181
20899
10613
26194
1018
11943
30224
2348
6709
2346
11947
29223
35918
30229
3677
26191
3679
11942
35913
10610
18586
40494
38176
17251
3693
38179
17254
18585
1033
17250
1030
2361
32874
30211
30210
6718
30212
2357
11959
29237
29235
31540
3686
30218
17259
3689
6714
6717
32877
18553
14196
20870
14199
17220
6730
18552
17221
2375
39492
38161
39491
32863
31531
31533
26177
2368
6722
32867
26170
23911
40471
20883
19897
23917
17232
11929
19890
2383
1051
2382
38150
39480
31520
10601
29210
26186
31522
2379
29213
2377
11938
5401
23909
32859
5405
17237
32857
17238
6739
11930
20057
21387
13760
1065
19061
33374
1057
33375
21382
5415
6745
12431
36402
6763
32030
25752
32031
19076
19075
25755
16808
32036
37729
34698
16805
2399
13774
5426
13773
6759
25727
19049
20038
1080
6771
25729
4110
32020
22696
25722
37717
33354
32024
34685
33352
33353
5434
4108
4109
21379
6781
20044
19055
6786
19051
25732
24402
24404
32016
34679
34678
37706
37708
37709
34675
34674
1089
32011
6777
9803
9804
4116
4117
13757
37702
6790
5461
21345
20013
20012
9821
25709
6795
6797
20010
4135
10690
35991
22672
19020
22674
22675
34667
33331
13720
10692
5458
9819
13721
19038
19037
20025
5473
21354
9830
4145
5477
19030
22683
22689
13739
34656
12408
35985
30295
12409
5467
13731
5469
34659
33328
12402
5483
19007
4157
5488
30281
5480
34646
30287
210
35976
33315
34645
211
13703
34644
30284
13709
30283
215
4149
29283
13702
8508
9839
23999
5492
21334
20003
4164
5496
8524
5498
19013
19010
21337
34635
13716
10689
221
33304
34634
35965
222
35963
5489
9846
8515
35969
10688
34636
37691
9866
15420
4177
11065
9864
8533
28738
27406
24370
237
11066
36369
15427
7213
16763
37685
24387
28743
28749
27418
28748
24380
244
24382
28742
248
24386
249
36356
37687
1905
37688
9868
1903
9884
9881
7221
9882
8551
8556
9887
36341
24357
24359
9880
4192
15409
35017
256
16739
25684
12377
37677
1916
9879
15400
1914
15406
11048
15405
15404
12384
11052
36330
8568
8565
28724
23035
24368
23039
28726
35004
11055
9889
1926
37668
1925
36338
1922
15415
8574
8579
12352
37651
37652
8577
25664
24332
33293
270
26995
25665
8570
33291
23006
24339
278
26992
25662
24331
24330
16711
37655
28709
7253
28708
24346
23014
25676
33280
25678
24347
284
285
1943
24340
33289
24341
25672
23011
16722
11035
36315
1946
16725
11039
16724
8596
8594
21289
7267
13661
21285
26974
33274
8592
26978
294
295
26977
8591
297
26971
33278
14996
13665
36303
13669
36305
11004
12335
38968
12341
7278
38950
21296
24326
7271
24328
7273
16708
26981
34595
16701
12344
38952
13676
37621
12348
1967
13677
17201
38141
7289
31509
18530
26159
40467
7280
7282
7283
27487
26155
11906
11905
32847
32848
19867
19866
32846
20863
17211
7296
39463
20861
20860
7298
19870
14189
19872
40451
11908
7290
14181
20866
31500
11912
1981
19878
31502
19879
14152
35090
9002
14150
15486
14156
38123
40442
38125
27468
20835
28792
28791
26130
27466
39458
19848
14158
15488
32824
15493
9015
20840
9012
38110
38111
9018
9019
14167
40431
9016
15495
27479
9011
39447
38116
32817
39449
19855
18525
9025
16792
16791
9029
38102
16793
14132
23089
27448
20815
28779
28776
40428
35073
35071
23081
23082
3717
27444
23088
26112
38106
15466
39437
3712
9036
36392
19832
9035
40410
14144
36398
20826
40412
20824
9032
9030
3726
26120
23094
28785
23098
20817
18508
39427
18504
36382
39410
16773
36385
40402
28754
35053
9044
9041
3737
23061
19809
28750
24396
36388
15446
14113
39419
3736
16779
16781
11093
14123
9050
26104
27434
28765
26105
28766
20800
28769
27439
23076
27430
35046
39402
19818
14124
14125
19812
39407
3744
3746
19104
19100
16078
22751
16072
9063
16070
34745
3759
30386
28059
30382
2421
29388
13807
34749
28052
34748
20103
22769
19117
21432
16080
30370
22761
22763
9076
16083
22764
22766
33402
28064
1103
2433
13817
2431
34739
10782
10785
3766
13812
10784
21401
16052
16056
21407
9088
9086
34723
28033
28034
30364
10758
2447
29363
34720
28036
3775
30368
17398
21412
16065
22747
17392
16062
21414
10767
2458
10768
31680
28046
1122
6811
17368
18692
22716
18690
31674
10735
1135
3795
34704
10732
16045
17375
2485
1154
1150
22720
28021
1146
29357
1145
5505
32997
6837
20994
20991
18670
6850
20990
18671
38289
10708
29327
1161
20999
2490
26294
29321
10714
31653
32981
6842
30328
32988
18678
10710
32986
26291
32987
38272
40592
18686
18682
22707
4201
29338
30310
31640
1167
6856
16027
20179
4210
6873
33494
33491
23203
1182
33490
25867
36528
16915
32164
1177
5533
6865
37851
5534
11220
4204
5535
5536
13889
4207
12555
13887
24549
12560
19199
5552
19195
19194
23211
32152
25875
24544
33481
28903
19191
1194
24545
28901
25879
23217
37848
33485
37840
12564
20184
16920
12565
4215
12563
36514
25848
6892
21487
6891
21486
6894
5563
4232
19168
6896
21483
32141
25844
24512
25843
25846
11207
32146
32145
13862
6887
21480
4226
12530
12536
13867
37834
37835
36504
36505
24527
20168
9931
19177
5573
13870
34792
34791
24522
19174
25855
19171
25857
19170
11218
37827
11217
33465
20162
6898
4236
9928
12546
16902
12547
16900
21468
20136
4250
4252
9942
4256
20130
21461
19141
22797
25824
20139
25823
28099
34786
33453
12519
5577
28092
37811
8609
37813
8607
25837
21477
20146
5594
8622
4264
20143
21473
20142
5598
21472
34770
24500
25835
320
12526
322
8615
12520
20140
13852
8613
12525
9960
19125
20114
9964
20111
8634
20110
8631
22775
25801
28077
34765
13824
32102
34761
9957
8624
8625
10793
33439
10796
9959
28072
9971
20125
4284
8645
7311
21451
19135
19131
25810
22788
342
30397
33422
34754
28086
12504
34753
347
12509
30395
349
9968
4279
28080
8636
4293
11182
9980
36482
9986
36483
36484
15541
15540
7324
24498
27525
35153
23169
27528
4292
352
27521
24493
23165
35156
36487
15546
39517
39518
19901
9994
36470
9997
11195
14221
16
16883
7333
8665
20904
35143
27533
28864
26204
27539
365
35148
368
369
35145
39502
8659
11198
8658
36479
39507
7341
11160
12494
27
36462
12495
28
37794
24476
27502
28831
28832
374
15529
23142
35134
36465
16854
37798
6008
36468
16859
30
7352
8685
7351
6025
36451
37782
39
24487
28844
32094
24488
32092
23159
28849
383
24480
388
7349
6017
37787
15532
16863
41
15536
44
6031
46
37770
12473
37771
7366
49
20097
8698
35111
25784
23124
25786
24455
32084
8691
24457
25788
23128
28814
396
35116
24452
23121
11143
12477
7359
36447
52
20091
53
15504
6043
7376
6044
7377
23133
32075
25799
28825
16849
25792
32078
24463
16844
15513
15512
16842
36434
11156
36437
15515
64
35109
6054
6053
6055
20077
20076
13780
33395
24433
23103
33390
25766
19080
32068
32065
32066
12454
12452
36423
16814
12459
11128
12456
23119
6065
7399
19099
13790
20086
13791
19095
24444
6060
28802
25779
16827
33388
23110
33386
81
13797
20084
16820
11134
11137
85
12467
11138
19984
38261
18653
14292
38263
9100
40580
40585
18650
9104
38267
14296
18651
6070
20979
20978
39590
30301
32960
30300
26273
26277
31638
30307
18656
18658
39582
6086
20983
38251
38253
6088
20980
38254
16004
9118
17330
16001
40577
29315
6085
20985
10701
3804
3805
10703
31620
3807
10704
3808
26289
10706
29311
32959
31626
16007
32958
31623
19999
19998
32956
18668
18669
31625
32954
9125
39573
39577
40568
20959
9121
26250
31610
27587
26255
38247
18638
39578
14279
32944
19972
39564
14287
40552
32928
39565
40557
20967
26261
26267
27596
39568
32938
38239
31606
31601
19976
19942
40542
39552
40541
14255
40540
38223
32918
27569
20930
3836
2500
20927
19948
18618
38228
3834
19945
18615
19950
9155
39540
15590
14260
40531
9159
27579
35186
35184
40539
20943
9154
27572
40529
27573
32915
3841
3842
32911
2519
19957
32910
3846
15560
16890
16895
16893
16892
27547
9161
40521
27545
20911
9165
40527
28879
27549
3858
23180
23181
40519
20908
19929
15568
39535
14237
38205
16897
15565
9178
15573
27557
40513
9172
35164
35162
1206
3869
40509
23195
27553
20918
35168
20917
23198
35167
14245
39526
19938
1208
19225
19224
25905
9188
25906
3881
3882
25908
9183
21549
25901
2548
32204
33532
13923
32202
6909
13927
10891
32209
33536
6904
28170
6903
2549
20220
9194
21558
6917
2559
30496
13934
6919
2552
30494
3884
28183
12601
6912
21521
16174
19205
19200
2570
21524
29483
1233
28156
29487
6920
33519
34848
10872
33514
19209
16187
19214
20202
19212
21539
16183
20206
34833
10888
5607
10887
30474
6938
34832
28163
5609
2577
28169
30472
19218
34834
16153
17488
5620
21509
2594
1263
29469
17481
21504
22832
21502
5618
30463
29468
28135
5610
34827
5616
6947
16164
16162
37089
6962
16166
17490
1273
22840
10868
30454
28147
30450
34818
5622
6955
5625
10861
22811
17465
17466
37075
18797
22814
37077
16134
22810
1279
29446
1278
5632
5633
18799
31777
4308
17477
6980
6982
22826
5651
16146
17473
5653
37069
28129
29459
10843
10846
25099
29456
28126
6976
5649
30437
6994
32283
32284
23321
32281
23323
32280
24655
25986
10018
32287
32285
25981
35311
37972
10011
36641
4324
10013
6988
5656
10014
15701
5671
24662
22002
23336
23337
22006
24668
3009
32278
32276
400
25990
24660
10021
4339
36635
15714
37966
5680
5686
19283
33592
3024
25962
25965
24634
36627
37959
33599
12659
33597
32263
33594
12652
13984
5677
36620
36623
11324
419
12657
36624
11323
23319
5694
20286
33582
36616
10008
10009
422
33585
423
33583
3025
12663
5688
11330
10002
10003
11334
25946
4372
24618
20255
21585
8732
21584
21582
19260
3045
3042
24614
20259
13969
36605
32247
430
11305
33579
32248
12637
11307
37939
32243
433
8725
13961
13962
4369
11302
20266
4385
20264
7413
20262
19272
34890
3056
25951
34898
12648
32235
32232
445
3048
4378
7403
12640
12645
37923
11315
13975
8739
12644
4392
25925
19249
20234
21565
8755
7423
4399
450
13946
32221
32222
13949
3059
4389
7417
13944
28192
8762
25935
25937
7430
24609
8765
25930
3076
3075
25934
20249
13959
13956
466
33542
37909
13950
7425
7428
7427
32218
37900
13953
32217
3081
8770
7444
6114
3088
26314
28978
28972
27641
27640
6106
13005
13008
38306
13009
13006
39639
38309
15674
36593
36594
14343
14340
14341
26324
27657
40611
40610
28986
26327
27658
28989
40613
26329
28980
18709
6117
13015
6116
15677
36599
15676
18707
14345
18700
39628
15679
8794
6130
8795
8792
7464
36582
7466
6134
36584
24596
23267
35250
28959
40603
24595
35255
24594
36586
15644
15643
36589
11288
16973
6129
16978
15646
7472
7475
11292
7477
14320
11295
27634
35243
23278
27638
7471
26308
35249
35248
36575
16986
16985
16984
14328
39604
11261
36560
11263
35231
24579
6151
7481
23242
35233
15623
6149
15621
11268
6166
27618
6165
11272
36550
37881
36551
23254
28942
6160
28947
7491
32191
24589
28945
14308
35222
11275
37887
36558
36559
16966
6176
9205
12572
37871
20197
32184
35210
32182
25887
24559
16938
12573
16930
12574
11246
15603
15602
16933
6185
28927
9215
24564
23232
24566
32171
6182
23237
36539
25893
24562
37864
11258
36535
16947
35209
6197
37051
9222
18770
16112
10808
29428
6190
6195
3913
25064
25063
26396
9218
9219
16115
18777
18778
30423
37041
22802
9233
17456
18780
22805
9239
18781
22806
40694
28107
28108
29437
13091
9231
13090
10824
25075
28103
28101
28102
31747
37049
3920
31745
9245
18751
17420
38361
17421
18753
9244
40685
39695
14398
38365
37035
9247
9248
37036
25048
29406
29405
39690
9240
2609
3930
3931
17425
3934
2604
31734
9257
37021
38353
31718
37024
18761
39686
9259
26389
40676
9252
13070
3946
31720
25053
26384
29413
25055
10804
25054
3940
2619
3941
18766
3944
3945
14371
14372
9265
17400
38342
38343
14373
38344
38345
13043
26356
2624
3958
27682
25020
27685
25021
26355
27683
27684
38346
14379
18737
31715
13048
31714
3950
31716
17402
3954
2628
17404
2627
14382
18741
9279
39661
13056
25037
25039
9272
26360
27690
25031
25030
26364
27697
25032
25035
26365
18749
17419
31706
3963
31705
1307
17415
31701
15680
27668
35297
40643
28996
35292
40646
27660
25000
1312
2640
15688
13027
38326
3974
15686
38328
18713
14361
15691
18720
9299
14364
14362
13032
9292
40633
35285
25017
9297
35281
40636
9295
1325
2652
35288
38315
15697
18722
38317
18723
19345
18016
19348
21664
19347
19341
19344
18013
21668
22996
2667
2665
1332
34980
3996
3997
28294
32326
3999
12710
18026
20344
19358
24705
21671
1350
19350
1348
2679
5708
12724
1346
32310
34970
5700
21643
20316
20314
28275
32300
5710
32309
28271
28272
10996
32304
33636
19335
18003
18004
18005
18001
20329
21657
2699
12708
34950
30593
34959
5725
21622
19301
16277
19300
28259
21627
21626
1380
30585
4409
29582
29589
1378
1375
4402
33618
34948
33616
4406
5737
5738
34944
22965
19312
19315
5750
19311
20306
1392
22962
4419
34932
1387
34938
30578
33604
5747
34935
19319
16252
37196
37197
4430
21606
21605
29563
34920
29560
31895
28236
29566
30560
34929
5753
34926
16262
37185
17594
17595
5774
3111
21617
29579
21614
22942
28242
31885
10966
3105
10969
28244
21609
504
4434
505
4436
34915
10961
31887
507
5769
4438
31889
10963
34911
4453
12790
23441
3121
22112
23443
27803
24779
23447
23448
34107
15829
15828
31079
15827
15826
3114
513
34100
11463
36765
5790
5792
11472
22122
22123
31069
3128
31065
523
22120
36751
4456
14501
8814
527
11478
529
8818
20397
8831
8832
18077
20396
8830
31050
24753
24756
11449
36748
11448
35414
10119
3136
3135
31055
5797
4468
11443
8828
15802
15801
10116
11450
8840
3155
31041
24764
24766
18082
31047
15818
31046
32378
31043
543
3148
15819
12784
15810
11451
11454
12782
7507
7509
10126
8838
12787
4491
4492
23406
8850
23409
20375
19386
4497
20373
18057
3167
33692
24730
19383
24735
12759
31036
32366
12758
32367
554
33696
556
33693
20371
4488
559
12750
11423
12756
7517
11424
8849
23416
24748
18069
20389
24747
19397
8863
20383
3178
33681
24742
3175
3172
10107
33689
32356
32353
566
33682
568
4499
20380
10101
36710
8859
12764
21688
8871
20356
3180
21685
8876
20351
7545
19365
7544
6213
33670
19362
18030
24712
20358
21689
31014
33677
31013
21680
6204
6209
6208
20368
3191
21698
8883
24725
18049
21697
7552
21695
8886
24729
20362
19376
34990
24720
18042
24723
20369
34998
583
12749
32336
11419
34992
6216
12740
32339
11411
33668
34999
12743
7561
7563
8891
39751
10095
7564
10096
38422
8896
22077
35396
26433
35395
25104
40748
25107
596
40739
598
18819
27761
18814
39755
13126
15787
8888
8889
18813
6243
6242
7573
6244
15792
34055
35384
34053
35382
25117
25119
40729
27770
25110
18829
22086
26442
18826
15797
38415
14466
18821
38419
6252
7582
10070
15762
14431
6257
27744
22055
34043
26414
34041
22059
27749
40724
26417
23382
27740
35377
39733
13102
13107
15769
36690
10081
6267
13110
15772
6266
13111
15771
7599
27755
22067
23398
26425
22068
26426
7592
40713
27758
40706
26421
13115
18800
18802
9301
27728
11384
22033
22034
23365
35350
22036
27727
22039
27724
39719
35359
15749
24692
24694
24693
10057
15747
6284
26408
10062
14420
35341
22045
6281
34017
35347
23370
39700
36674
9309
36676
9307
10067
14428
39703
10069
27709
9321
27707
37991
9327
36661
12690
11362
22011
34000
22013
24678
6294
34008
24671
11364
15721
37996
10034
37997
11368
37999
12698
15724
27719
9332
8001
11371
9335
37981
36651
11372
32294
23354
27710
23357
22026
32291
22028
24681
32296
37983
36654
9328
10045
37986
10047
15735
14404
10049
18894
17565
8012
18891
9349
8015
8016
16232
29548
29547
30540
28210
10934
2700
10933
25187
28214
30549
22909
17567
18899
30544
17568
2704
25180
34900
17574
8028
22926
37167
28228
28229
29558
9352
8021
37160
31861
2712
25193
25196
31862
29555
2716
30536
17541
9366
17542
18875
13187
13188
30519
38488
25169
25168
9360
38480
26491
10914
25165
25167
30527
31858
31857
31859
18877
16219
30525
17548
37142
40795
22904
22905
17550
29537
13190
10920
25178
25177
37147
1408
17559
40780
17521
17522
40784
39794
13163
38466
29504
25149
40785
8054
9383
26470
2746
1411
37136
38467
18858
18859
17526
18862
38453
13174
38454
8060
29513
9393
9394
1426
25152
25151
25156
38456
16205
39787
39789
17534
31821
31820
2758
17537
31822
40762
22099
25127
34086
34085
8075
34084
8076
1436
26450
1430
39777
38445
37115
37116
31816
18839
17508
18832
37118
17502
31811
17510
14480
40750
14486
37100
13153
8082
1451
25135
26469
34075
8085
27791
40749
5809
14489
38434
13159
39765
5802
18846
21786
39078
1461
2792
39070
8092
18130
21788
27088
33774
32444
36808
27089
32440
33771
5811
40061
33778
31119
21797
18148
39067
21792
40055
19471
39061
31102
11515
2795
21790
5822
32438
27094
11511
31105
5825
5826
18113
15086
21764
18114
18115
19440
40045
1484
1483
40049
15080
28394
28395
27069
4500
33758
33759
19448
28393
33757
18125
19458
39047
18120
40034
15094
15093
21777
27074
12824
27078
4511
5842
4512
12822
4517
16396
15064
16394
39034
21740
15069
16398
40027
21746
16390
28378
4521
4523
33739
32405
20423
21753
39023
21752
21751
15073
39025
19430
5871
4541
18100
40018
21756
3208
12803
33722
27052
30696
27053
3203
30692
30699
19437
27051
18108
28380
19439
16374
16372
40003
16376
15044
27027
28358
16370
3218
33711
29683
30686
29682
3216
28351
3214
39018
33718
614
39017
4544
4545
4548
8904
21730
5894
27038
21736
20402
27032
3227
30674
27037
29698
30671
27035
3223
33707
625
4557
8916
4558
33704
30678
27926
10251
36882
24895
3241
24897
22237
22238
14616
14617
630
24890
35554
3236
11584
8921
11586
39910
639
15945
10259
15944
8941
7611
4586
35540
22243
27932
26601
3253
31184
23576
3250
27933
35548
39905
7609
39908
641
34212
35543
22240
34211
10264
14621
4577
15951
8932
648
14620
36876
10267
15955
4591
22219
8952
4594
4596
7621
31171
18193
18195
31172
24876
24877
27901
15928
651
34201
4587
11562
11563
12893
7617
11566
8947
15922
8948
27918
7631
32492
32490
3274
23554
23555
23556
24888
35525
31167
15937
14605
662
4598
668
10244
8955
10243
11574
10246
11577
14604
8958
10248
8971
24857
8974
18176
8973
3288
18171
3283
10219
673
677
31155
3278
678
11542
6307
8969
10215
12875
36846
22206
8982
24868
7653
18186
18187
7652
8983
18183
23532
23534
680
24866
681
11558
36839
31141
31144
12883
7646
7645
10221
11552
36831
10224
6318
10225
12886
8990
8997
19484
18154
7665
19483
18151
39094
690
39093
693
33798
12859
694
33797
32464
20470
6326
12851
8988
6329
12855
20485
7675
20484
6346
5014
18161
18162
39081
18163
39083
24845
23514
10206
32456
11536
36816
31125
36818
12862
11531
31128
40072
31127
7681
18930
14573
39871
38541
5024
14571
13241
6356
34186
25225
40862
26559
40868
40866
34180
22191
25220
22194
7679
38544
5016
13247
38545
17607
5019
39879
5031
7692
14581
18941
5034
6365
5037
7698
25235
26567
27890
25230
25233
6359
5027
13258
13255
39867
38536
39869
18943
38538
10191
10195
26533
40842
40841
40847
34160
27868
25207
22170
40837
27861
18917
27862
34166
26530
18913
14556
13222
14553
39856
14554
13228
18911
39859
14558
5053
6385
13231
9413
39840
13230
40831
22188
27877
35484
35481
6380
6382
40833
40827
34159
35488
35487
15897
38512
18927
14565
9409
5063
10170
27849
6398
9424
10173
26511
26510
40824
22159
27845
34148
35476
34145
40819
14533
38500
9419
13200
15863
39836
38504
39835
38505
13207
38507
39837
26529
13210
40810
35463
22166
23497
23498
40813
5071
26528
5073
39828
40804
27850
22163
40809
35465
34133
9427
39824
14549
14547
8116
36780
5089
8114
35452
24795
35451
24797
23467
31097
24790
31099
2809
39812
10156
14510
10155
2806
14516
2804
14514
15844
5096
8124
27839
8122
8125
11494
10162
11493
26500
27833
22146
26501
22147
23478
5092
22149
31080
39807
35448
35446
15859
14522
15854
36775
10168
39802
36778
37293
17686
15025
15023
17683
29667
28337
9461
9462
37291
21700
29662
31993
30664
30666
2826
31999
31998
15031
8143
9474
15036
15034
9478
37289
27017
28348
9473
21712
37280
31982
27011
1501
31984
29671
30653
28343
21708
27013
16368
2838
31985
1505
30657
9487
18993
9485
17665
9486
16334
8158
37277
29647
28314
29646
37270
31971
31972
25285
25288
29641
15007
30648
15005
16336
30644
1517
18998
17667
2847
31976
17669
37263
16345
37265
38597
15011
29657
9493
25293
25296
25299
28321
29653
31968
30635
2858
17679
18971
8179
25268
29624
2865
30620
1533
25263
30627
16313
40890
13294
37240
13298
16321
1550
29637
40896
28308
1547
1545
29632
2872
29631
29630
31946
30615
30614
16326
37247
31947
18987
1549
30612
18989
13260
17621
13264
37232
13265
37234
13263
29604
2892
1560
8191
8194
5915
26573
2885
2884
31935
13269
31937
30605
5910
38569
30600
17623
18954
13271
40872
16300
13276
31919
40876
29614
26589
34193
40877
5927
29611
26583
25255
2893
16305
13279
37225
18969
38557
16303
5921
18964
16309
23603
40186
18257
24934
19587
24937
24936
19580
1582
18250
1581
19581
23602
1579
11627
5939
33895
32565
36928
32562
1574
12959
33892
5930
12950
5933
12953
5934
24946
19599
18267
24945
23617
39187
40172
40179
19597
5950
19590
1592
18262
24944
20589
32555
4618
31225
32551
36917
1586
32552
1585
1584
4611
4612
40171
5945
4614
5947
33889
39174
39177
39179
18230
18231
19563
20557
31211
33873
12937
27189
4624
4626
31218
27180
21897
20566
40152
39168
19572
18243
19574
21890
5972
12946
32533
31203
32531
12945
33860
11617
32539
4634
11610
705
5966
4636
32538
12940
4637
31207
12941
40141
40140
21862
18215
40146
5981
5983
12908
12909
21868
32520
710
3311
712
4643
5975
28491
5977
717
27161
32524
5979
18219
20543
18225
5990
5991
5992
4662
18221
2001
39140
20546
3329
12925
3328
12922
721
723
5986
4657
19558
33847
40120
39131
39130
21840
39132
15168
40123
4673
39136
3342
2011
21849
20516
33831
28474
27141
3336
732
28476
2002
32508
33837
5997
4668
39120
15175
36093
20521
20520
19535
39122
33819
3351
36097
40119
21855
20523
30794
2019
27151
28488
28486
27156
12905
4677
7704
21026
21025
10372
4696
21021
34341
35671
2033
3363
35670
2031
23687
33017
33015
38709
2028
751
3359
752
35674
33012
38702
13402
21037
6401
36991
10382
2045
26720
26721
26724
2041
23699
35667
14749
35665
2036
34331
2035
22362
14742
7723
21030
14743
10387
36997
10388
13413
22338
22339
6412
31294
2054
24995
22333
24996
14716
31295
776
10354
6404
11687
6406
36988
14712
26706
21016
11690
6421
11692
21011
10361
31283
31282
22346
3393
22347
21018
26703
31289
786
3388
22340
789
7744
10365
14725
10366
14722
34318
2070
12990
5102
7764
2076
24973
22311
791
22315
31278
34302
35632
796
31274
35631
3399
31275
10330
36960
36963
12992
10331
34309
36967
12996
23659
11670
6445
2089
23651
22321
23652
24983
2085
23656
24988
22326
23657
24987
35625
10348
32595
31262
24980
7769
35629
6439
10344
14700
14701
23625
7780
23626
6451
18276
20592
7786
24951
2098
2097
23621
2095
10316
32588
11646
10317
32587
7778
12971
36940
11640
11643
10312
12975
12976
35615
6461
40197
23636
22306
18286
7795
22302
11657
35601
31240
31243
11652
12980
5129
6459
11654
10322
11655
5140
39991
12031
38662
14692
5146
37332
37333
9501
29707
26679
6470
26670
26674
24011
39997
14699
38666
12034
5138
13365
12037
39998
38668
13371
13372
5157
6488
38653
13373
29714
25355
24025
24029
26681
26680
24021
26685
9506
37324
38656
39987
17732
37327
39989
37328
12049
9524
27986
26654
22298
26658
25329
27989
22294
22295
17709
25320
5159
12015
17700
9519
13348
8201
9535
14684
38630
5179
13350
8202
25334
25336
25335
34272
34279
27994
26660
26663
27992
38633
14688
39965
12025
39968
39967
13358
17712
14689
17713
25308
14650
14651
8216
39951
39950
26632
25301
22277
25305
27968
26635
25307
5183
26630
22274
9539
15986
10297
13323
8209
13324
10299
9538
13322
13327
15987
15993
25312
35583
27973
35581
25316
5192
5194
26648
27978
39949
22280
35587
25310
40929
15996
12003
39943
13336
26618
9565
9563
15960
8238
34242
26610
22253
40920
34241
27941
35570
27947
40922
40921
40914
22250
35576
34244
40918
35574
2928
15962
9574
14640
36891
10283
22264
35560
27951
40913
40912
40911
9570
40905
1601
39927
40904
35565
34233
13312
14643
36894
10285
14641
15979
13316
14645
1603
16472
8256
8253
15146
9588
15143
16474
40106
36087
9583
36083
21821
29781
29787
27124
21818
33817
39119
33815
1618
2948
19503
33814
30786
2945
36071
9598
15152
21830
15151
9596
39101
20508
36078
36077
27137
20506
16480
21834
29794
30772
2953
2952
27135
28467
30779
29790
33803
17784
8279
15122
28437
8270
27107
21801
37390
1633
30762
29764
30768
16457
17787
30764
17789
1636
2967
8288
16461
8287
15134
16464
21817
21815
29778
36050
21810
28440
27110
24083
1645
1642
36059
27111
8299
12070
37372
17764
12074
37376
36046
28416
25388
8290
8296
29748
8294
1656
30741
1654
1653
2984
25387
29740
24056
36047
15103
17765
17766
12082
38690
12084
37361
38693
37362
38694
37363
16444
30729
30728
16443
15110
24068
36034
36032
1668
2998
1667
2994
28420
38698
12089
38699
15116
17777
15119
17779
30733
13381
17740
37351
37352
16410
24035
29724
25369
26699
24030
36027
26696
25365
26695
13389
17748
12058
38671
37341
12063
13394
30709
37344
38675
29736
25378
36012
1690
25370
4716
16424
12069
30710
23725
20696
18374
29029
29023
4728
30026
10419
32681
35719
30027
11744
35715
18388
40295
18385
22409
17056
23734
30012
10425
3405
29033
4731
11751
4732
11750
4734
35706
29030
30019
3408
11754
807
23703
18352
19682
4750
39290
11723
3414
3411
29003
4742
17028
17029
4747
31338
3418
23713
17036
19697
18368
20685
17038
20683
19693
4760
40276
4762
19690
19692
18361
40279
32654
11735
10403
3424
29015
821
33989
17039
827
31325
11730
4758
10401
18335
39276
40264
39279
39270
20657
21986
31313
11706
33970
33978
31315
32648
19668
17008
2109
18344
19675
21995
40251
40250
21991
18342
21990
19674
40253
17012
3452
20666
21997
33964
32630
2116
2113
32638
31304
27292
4779
27290
32634
40241
18312
39254
15282
15289
15288
18310
2131
2130
3460
28594
28592
2128
850
3458
28599
27265
853
32629
18315
19646
32623
18317
18318
20643
21973
19656
20641
18325
19655
40233
18321
40238
3472
15292
27275
2139
3469
864
865
3465
4796
32618
7824
33948
869
7823
7828
18328
21148
21146
21142
3486
35793
22477
3481
3480
34469
872
34467
873
33134
3478
2147
3477
34464
6502
13522
7835
879
7837
6506
7838
21157
7851
7850
14860
30094
2161
3492
3491
25516
34459
35789
34457
14869
38819
884
30099
3487
14863
21152
13532
7843
6516
14865
21123
7861
10471
21121
34440
2176
35770
22455
23786
23787
2171
38805
14836
13505
33115
34445
894
34441
33111
6524
6526
7856
6525
10477
7858
10479
14832
26827
26826
26829
5212
5213
23794
22464
2185
14849
30079
13519
13516
35765
34434
30075
33101
7865
13511
5204
5205
6539
10488
14843
29095
22439
6553
11780
5224
17082
30061
17085
2195
23765
2193
22435
17080
14817
34423
34422
14818
30066
30065
2189
5215
6548
11784
11783
10452
11785
35758
10456
26806
10460
23771
31381
23774
22444
22445
26803
23777
35746
29078
31387
35742
31383
7889
18399
6574
17060
23743
22413
34401
30047
30042
31375
10431
5238
11764
35738
11763
30049
11766
6583
17075
17076
5257
22420
17073
17070
32696
30037
35722
32697
29054
31361
32693
30032
6578
11770
5249
14800
35725
6594
5265
12152
12151
5266
12154
38785
25465
36121
24136
36120
24138
25469
29827
33092
29825
36129
16519
29820
13488
9616
9617
37456
13486
16512
9615
13492
12163
5276
37442
30808
8302
30807
5279
36112
29834
28501
29832
24149
29838
5270
36119
25471
24140
9625
9626
17853
37449
9629
16527
9646
38762
21087
36101
33075
26777
33073
25445
29805
24117
26778
33070
36108
36106
17829
36102
30802
21085
30801
38767
37436
13465
17827
17821
8321
13473
12140
37421
25454
25457
26787
25459
24127
29816
16508
26781
25453
9649
8319
13478
38755
17837
38756
21094
38757
17832
13479
37428
37429
16504
8332
9664
21067
8337
14772
7005
25422
33051
34381
9660
22392
17806
22395
33056
26750
37412
8328
14779
12118
37418
9675
7012
13451
8346
33042
26766
25435
34370
26767
8340
24108
26769
33044
17819
13455
12123
1707
21072
7009
13454
13459
13457
8354
7022
26738
21049
9686
21046
10393
21043
35694
26731
34363
34361
26732
9680
1711
33035
35698
22372
33034
21042
14753
13423
1717
7033
8363
7035
14760
22388
35680
8361
38717
33026
34358
33027
22383
21053
21051
12102
38713
1726
12107
14767
39230
8376
7046
39231
39233
33929
40226
21948
40225
28579
7040
8373
8370
7041
1734
33931
28570
27244
28575
33938
19628
15269
32605
33937
18301
15273
19631
19633
20628
40214
8383
20625
28585
33928
1749
19636
28580
1747
1746
30898
16572
16571
16570
19601
40201
15244
40204
28556
36186
21924
8392
29882
24193
30884
30883
27223
29885
1751
24198
21917
33917
16579
30885
39219
16583
21930
19610
7076
15251
15250
16586
39200
39202
20606
29898
20604
20602
21931
7074
30873
29897
29894
1760
36179
19618
39206
15257
1769
12192
17882
29868
36167
21904
7084
7083
36162
28538
36160
27208
1775
24175
1772
29862
28530
30868
16558
4800
30863
7098
15233
15231
24189
21916
7091
7090
7093
36152
1789
1787
30851
30850
29874
16568
30856
4811
17899
4814
12170
37472
16531
28514
24158
25489
28516
29847
29842
29841
36146
12178
15203
4821
4823
30844
4824
38791
30827
38796
37465
28524
29859
36137
29852
36135
24166
37466
30835
30834
37468
901
37469
30831
17877
3506
15217
22515
18494
22519
18491
23841
3516
35834
34502
29143
29142
3510
913
3519
23858
17177
23851
22520
10547
29156
14904
3527
32798
29154
30136
3524
30132
923
4854
924
35827
11874
14901
926
32799
30139
4858
35824
18476
20796
18479
38082
2207
30123
31454
3538
26095
31453
10516
2202
3532
31452
10519
934
35817
35815
937
30126
35813
3539
31459
18487
40394
40393
22505
38077
38079
4882
4883
29139
30112
2218
3548
29131
32774
29137
3544
940
29136
31441
2211
32770
7901
35805
11852
30116
31447
10520
949
32777
10522
2219
38063
14096
19786
23802
18456
39399
38068
23806
20770
17121
2231
11819
29106
38060
14090
29101
30101
31432
7918
31431
3559
7917
31434
11824
7919
32760
951
954
32769
30106
20785
40371
18461
17130
19792
19795
40374
3573
39382
31420
2239
29111
11836
26087
26086
29116
2236
32750
10506
2235
2233
4896
7925
40361
17103
39375
38043
20750
40366
6610
7941
40363
39378
2252
20757
20755
20754
27385
2249
3579
11805
3578
2246
26058
26057
3575
977
7934
31414
20763
17114
14084
39363
19776
20761
18440
6621
19772
2263
3593
2260
27395
27393
26068
38038
6611
988
31409
19779
32736
31405
6617
27390
21268
7962
22595
26952
2273
33259
33257
992
34588
34585
6623
998
38943
14978
14975
12316
21275
5312
33241
2286
2283
24304
24305
38937
38938
37608
13659
5303
38930
5304
5306
14989
37604
6639
13656
25606
7981
7980
25607
7983
5321
10591
26934
33237
38929
13627
2289
22571
6645
7976
5314
38921
25617
26949
6662
7995
35881
25611
30194
22586
26944
22589
33227
13637
12308
33225
38919
30196
30195
2299
13632
7986
7989
12300
5327
38912
12302
13636
38914
14965
22558
26914
9701
4012
26910
26913
23888
33215
13607
38907
34541
5335
4006
5337
33219
38902
26926
26925
6682
5353
21232
21231
10581
21230
22563
26924
23898
26923
33204
14949
30176
14940
5349
4019
29194
33206
9706
14943
22536
21204
22537
4030
6694
21201
4034
17188
22531
17184
23862
22532
23863
21208
17180
14915
11888
31497
35854
34522
14919
14917
31495
4027
10552
4043
21212
5375
9733
9731
30150
22541
17190
23877
30152
34510
35840
30154
14928
29179
106
9726
34519
14920
29171
14921
11897
5382
5383
12271
9744
16631
8414
12274
8412
25587
36240
112
36249
117
118
4048
30945
119
37577
12278
16639
16636
5396
12281
15310
9754
12285
24266
25598
36231
28626
4061
25591
127
36234
129
17978
9749
15314
30931
13580
9763
38880
30915
37552
30918
8434
33196
26896
25566
33192
29925
29924
36229
16619
36227
24230
26891
24231
26894
8428
37555
17946
13585
37558
30921
30920
13591
9772
28609
12261
8447
12264
29938
28607
9770
4081
28604
29935
24242
36212
25573
30912
17958
37545
1805
38878
1803
16627
16625
8453
29909
13562
8458
37530
29901
29900
25544
26877
24216
25548
1811
36208
36207
17927
25541
7119
30902
17926
12237
17920
1813
14899
7131
9793
7136
12240
38850
37520
12241
38851
26885
24225
25558
9791
24227
24229
167
16608
168
26881
25552
17935
21195
37522
38854
38855
37524
37525
16604
8476
21169
38840
33153
25520
25523
25525
172
7141
25526
17909
176
33158
179
34488
33155
34485
38842
13541
12212
14879
17900
13551
8489
21175
14880
25531
26864
182
185
186
26868
25537
1844
38838
1840
34476
33146
17912
38831
13555
38833
21170
37504
12225
17910
20731
20730
8495
14050
7169
14056
15388
38024
7168
38025
14055
26038
193
196
28693
1853
27361
1851
26035
18418
38027
32728
32726
1859
19745
19753
7176
7175
39342
38012
15399
38013
38014
40331
39345
7172
40339
40338
27371
26042
27377
19759
32711
18428
7187
14031
16690
38001
15365
15364
39334
28679
26015
40325
7181
20715
40329
28671
28670
28675
39337
14038
19727
15367
4900
19726
36291
18400
14042
18401
14040
14045
15376
27359
36299
40315
27357
36295
20724
40319
27351
30991
1887
30993
26023
26022
4919
28685
18407
14047
39328
4911
19700
16675
39312
28657
29988
27325
36284
28659
40306
24291
4929
29984
15346
4920
19702
19710
39300
15353
39301
26007
27336
26006
36272
29991
3602
29990
30971
36279
26002
39304
14028
30977
39306
19718
4931
15356
3607
3605
4935
39309
37590
12290
12295
16652
12294
16650
37597
17980
3614
24270
28632
29960
36267
16657
17989
15323
17987
16658
17992
16660
30949
17990
24288
27316
29976
29975
24280
36258
36257
36256
28641
15337
14005
4951
15334
14009
